SYMBOL,AVG_30D_VOLUME
1018GS2026,1644.8333333333333
20MICRONS,255204.0
21STCENMGM,7401.142857142857
360ONE,1147987.4285714286
3BBLACKBIO,23573.428571428572
3IINFOLTD,549161.0
3MINDIA,4807.714285714285
3PLAND,2985.8571428571427
574GS2026,1349.6
585GS2030,904.0
591GS2028,1202.4
5PAISA,34448.71428571428
601GS2028,800.0
601GS2030,300.0
603GS2029,1637.0
610GS2031,1.0
620GS2029,17220.0
622GS2035,1951.0
628GS2032,105.0
633GS2035,2756.2
636GS2031,10061.2
63MOONS,3519084.8571428573
645GS2029,1000.0
648GS2035,1355.8
653GS2031,100.0
654GS2032,21026.0
657GS2033A,2000.0
662GS2051,1.0
664GS2027,2354.0
667GS2035,500.0
667GS2050,1272.142857142857
668GS2033,2380.2
668GS2040,47088.42857142857
675GS2029,2085.0
676GS2061,78051.42857142857
679GS2031,796.25
679GS2034,11940.5
679GS2034A,100.0
68GS2060,2681.4
690GS2065,67655.28571428571
692GS2039,508.25
694GS2036,1775.857142857143
695GS2061,547.8
697GR2034,368.0
698GR2054,94.6
699GS2051,2514.2
702GS2027,1613.0
702GS2031,2600.0
704GS2029,625.0
706GS2028,9562.0
706GS2041,3661.25
706GS2046,26.0
709GS2054,28576.714285714286
709GS2074,59788.57142857143
710GS2029,7356.666666666667
717GS2028,220.0
717GS2030,12696.5
718GS2033,14485.0
718GS2037,34679.5
719GS2060,4.5
71GS2034,976.0
723GS2039,486.6666666666667
724GS2055,37580.57142857143
725GR2028,99.0
725GS2063,465036.85714285716
726GS2029,1.0
726GS2032,6118.2
726GS2033,2315.5
732GS2030,185.66666666666666
733GS2026,1368.1666666666667
734GS2064,63739.0
736GS2052,1362.1666666666667
737GS2028,8823.4
738GS2027,94678.14285714286
73GS2053,27346.714285714286
740IIFCL33,1000.0
741GS2036,4815.5
743GS2076,163706.57142857142
746GS2073,9071.5
74GS2035,2000.0
74GS2062,834.8571428571429
750GS2056,709.4
754GS2036,516214.71428571426
757GS2033,6982.0
75GS2034,500.0
763GS2056,2408.0
771GS2066,31720.0
772GS2049,54.0
772GS2055,1.0
795GS2032,10.0
824GS2027,2525.2
826GS2027,3.0
828GS2032,1200.0
897GS2030,3575.6666666666665
92GS2030,13035.57142857143
A2ZINFRA,478336.14285714284
AAATECH,25036.14285714286
AADHARHFC,277551.28571428574
AAKAAR,12533.333333333334
AAKASH,93906.85714285714
AARADHYA,8160.0
AAREYDRUGS,143352.7142857143
AARNAV,117887.42857142857
AARON,14054.57142857143
AARTECH,23644.428571428572
AARTIDRUGS,173033.14285714287
AARTIIND,2151644.5714285714
AARTIPHARM,392780.71428571426
AARTISURF,10290.625
AARVI,43954.57142857143
AASTHA,1510224.0
AATMAJ,15333.333333333334
AAVAS,141668.57142857142
ABAN,37417.2
ABANSENT,30153.428571428572
ABB,387568.85714285716
ABBOTINDIA,7179.285714285715
ABCAPITAL,4722020.571428572
ABCOTS,16477.285714285714
ABDL,313215.4285714286
ABFRL,9834320.285714285
ABGSEC,4391.857142857143
ABH,28800.0
ABHAPOWER,8914.285714285714
ABINFRA,1249606.142857143
ABLBL,1400340.2857142857
ABMINTLLTD,475.57142857142856
ABMKNO,2513.5714285714284
ABREL,175597.2857142857
ABSL10BANK,154694.7142857143
ABSLAMC,242734.14285714287
ABSLBANETF,36855.71428571428
ABSLLIQUID,2895.714285714286
ABSLMSCIN,1755.0
ABSLNN50ET,19064.714285714286
ABSLPSE,180972.7142857143
ABSMARINE,95214.28571428571
ACC,165779.2857142857
ACCELYA,7187.285714285715
ACCENTMIC,29214.285714285714
ACCORD,4000.0
ACCPL,27600.0
ACCURACY,80062.57142857143
ACE,326464.85714285716
ACEINTEG,11342.42857142857
ACETEC,43200.0
ACGL,421.3333333333333
ACI,290894.14285714284
ACL,13652.714285714286
ACMESOLAR,2665949.714285714
ACSTECH,185104.14285714287
ACTIVEINFR,1050.0
ACUTAAS,469744.0
ADANIENSOL,6723061.571428572
ADANIENT,3335877.4285714286
ADANIGREEN,2049003.7142857143
ADANIPORTS,4567532.0
ADANIPOWER,30941042.714285713
ADDICTIVE,12142.857142857143
ADDIND,296.3333333333333
ADFFOODS,343569.4285714286
ADISOFT,169714.2857142857
ADL,2130.5714285714284
ADOR,74580.28571428571
ADROITIND,3804148.0
ADROITINFO,284849.28571428574
ADSL,155942.85714285713
ADVAIT,50177.71428571428
ADVANCE,312616.4285714286
ADVANIHOTR,23631.14285714286
ADVENTHTL,141936.42857142858
ADVENZYMES,451024.5714285714
ADVIKCA,767760.6666666666
AEGISLOG,1576800.5714285714
AEGISVOPAK,623449.2857142857
AEPL,20282.571428571428
AEQUS,4406025.428571428
AEROENTER,573106.0
AEROFLEX,1337383.2857142857
AERON,13428.57142857143
AERONEU,49018.0
AEROPLANE,554775.8
AESTHETIK,8833.333333333334
AETHER,663494.0
AFCONS,1006738.0
AFFLE,218839.7142857143
AFFORDABLE,10754.0
AFIL,1074244.7142857143
AFSL,12793.285714285714
AGARIND,31820.85714285714
AGARWALEYE,429272.5714285714
AGARWALFT,6750.0
AGARWALTUF,78000.0
AGASTYAEN,139171.0
AGI,197360.42857142858
AGIIL,1599335.5714285714
AGL,1380486.2
AGNI,13750.0
AGRITECH,3308.4285714285716
AGROPHOS,18249.285714285714
AGSTRA,203111.0
AGUL,2000.0
AHCL,11386446.285714285
AHLADA,7517.0
AHLEAST,2548.1428571428573
AHLUCONT,53416.42857142857
AHLWEST,1127.142857142857
AIAENG,107944.14285714286
AIIL,429489.4285714286
AILIMITED,2250.0
AIMTRON,37228.57142857143
AIRAN,46098.857142857145
AIROLAM,2462.0
AISL,30450.0
AJANTPHARM,207514.42857142858
AJAXENGG,58245.42857142857
AJMERA,435517.71428571426
AJOONI,317586.85714285716
AKANKSHA,20428.571428571428
AKASH,6052.0
AKCAPIT,3012.285714285714
AKG,8083.285714285715
AKI,78462.14285714286
AKIKO,20114.285714285714
AKSHAR,834298.4285714285
AKSHARCHEM,8044.571428571428
AKSHOPTFBR,155114.0
AKUMS,218514.57142857142
ALANKIT,123254.14285714286
ALBERTDAVD,6493.714285714285
ALCODIS,875.0
ALEMBICLTD,470479.0
ALFREDHE,43.0
ALGOQUANT,1148115.0
ALICON,152197.57142857142
ALIVUS,295026.28571428574
ALKALI,64500.71428571428
ALKEM,380213.71428571426
ALKYLAMINE,49451.57142857143
ALLCARGO,8277537.142857143
ALLDIGI,13519.42857142857
ALLETEC,17257.14285714286
ALLTIME,61461.142857142855
ALMONDZ,401181.71428571426
ALOKINDS,29970597.57142857
ALPA,15691.285714285714
ALPEXSOLAR,35600.0
ALPHA,1203056.7142857143
ALPHAETF,387463.14285714284
ALPHAGEO,11823.57142857143
ALPINETEX,398900.4
ALPL30IETF,345083.85714285716
ALUFLUOR,13434.333333333334
ALUWIND,36000.0
AMAGI,506867.71428571426
AMAL,7418.666666666667
AMANTA,74300.57142857143
AMARJOTHI,532.0
AMBAAUTO,43428.57142857143
AMBALALSA,173366.14285714287
AMBANIORGO,26000.0
AMBER,235171.57142857142
AMBEY,4000.0
AMBICAAGAR,7465.0
AMBIKCO,12146.857142857143
AMBUJACEM,2597509.285714286
AMCL,17085.714285714286
AMDIND,18562.14285714286
AMEYA,7500.0
AMIABLE,4800.0
AMIRCHAND,1600580.0
AMJLAND,8342.285714285714
AMNPLST,5144.0
AMRUTANJAN,49700.71428571428
ANANDRATHI,722357.2857142857
ANANTAM,58365.0
ANANTRAJ,2102730.1428571427
ANAWIL,280000.0
ANDHRAPAP,156642.14285714287
ANDHRSUGAR,490334.14285714284
ANDREWYU,80480.66666666667
ANGELONE,7233114.857142857
ANIKINDS,11014.0
ANKITMETAL,36028.142857142855
ANLON,16800.0
ANMOL,32016.428571428572
ANNAPURNA,68636.28571428571
ANNU,585399.0
ANONDITA,116200.0
ANSALAPI,18224.428571428572
ANSALBU,6854.333333333333
ANTELOPUS,128553.85714285714
ANTGRAPHIC,395408.71428571426
ANTHEM,935623.0
ANUHPHR,58666.142857142855
ANUP,32199.714285714286
ANURAS,285854.71428571426
ANYA,37500.0
ANZEN,33333.333333333336
AONEGOLD,421808.14285714284
AONELIQUID,24743.14285714286
AONENIFTY,256028.14285714287
AONESILVER,537327.1428571428
AONETMMQ50,150331.7142857143
AONETOTAL,214963.57142857142
APARINDS,158868.7142857143
APCL,7773.714285714285
APCOTEXIND,613243.0
APEX,146547.42857142858
APEXECO,16114.285714285714
APLAPOLLO,986846.8571428572
APLLTD,235158.42857142858
APOLLO,9011119.42857143
APOLLOHOSP,698563.8571428572
APOLLOPIPE,331744.14285714284
APOLLOTYRE,886601.5714285715
APOLSINHOT,1407.7142857142858
APOORVA,65.5
APRAMEYA,39357.142857142855
APS,19571.428571428572
APSISAERO,50571.42857142857
APTECHT,107051.71428571429
APTUS,1891250.5714285714
AQYLON,5261401.285714285
ARABIAN,8400.0
ARCHIDPLY,17118.428571428572
ARCHIES,14085.57142857143
ARCIIL,15142.857142857143
ARCIL,1943689.0
ARCL,239.66666666666666
ARDEE,4438250.333333333
ARE&M,1046866.2857142857
ARENTERP,4684.714285714285
ARFIN,1457909.7142857143
ARHAM,34857.142857142855
ARIES,26908.285714285714
ARIHANT,4228.285714285715
ARIHANTACA,1800.0
ARIHANTCAP,192083.0
ARIHANTSUP,12971.714285714286
ARIS,2013417.0
ARISTO,1333.3333333333333
ARKADE,366364.5714285714
ARMANFIN,44236.0
ARMEE,10736790.0
ARMOUR,15428.57142857143
AROGRANITE,8657.0
ARROWGREEN,51664.42857142857
ARSHIYA,159226.57142857142
ARSSBL,207408.57142857142
ARTEMISMED,355848.14285714284
ARTNIRMAN,1688.857142857143
ARUNAYA,17666.666666666668
ARVEE,1494.857142857143
ARVIND,1322209.0
ARVINDFASN,185534.7142857143
ARVINDPORT,19800.0
ARVSMART,38532.57142857143
ARYAMAN,279.6666666666667
ASAHIINDIA,118479.28571428571
ASAHISONG,88084.57142857143
ASAL,19327.714285714286
ASALCBR,29844.14285714286
ASCOM,3000.0
ASHALOG,5666.666666666667
ASHAPURMIN,1444412.142857143
ASHIANA,123796.0
ASHIKA,214515.5
ASHIKAG,210792.8
ASHIMASYN,85922.57142857143
ASHOKA,14548828.142857144
ASHOKAMET,13761.42857142857
ASHOKLEY,30748272.285714287
ASHUTOSH,620400.0
ASHWINI,16571.428571428572
ASIANENE,409569.28571428574
ASIANHOTNR,169643.85714285713
ASIANPAINT,1797140.857142857
ASIANTILES,8266163.285714285
ASIANTNE,33052.0
ASIFRG,10.0
ASKAUTOLTD,382581.5714285714
ASMS,433325.71428571426
ASPINWALL,2185.4285714285716
ASPIRE,12000.0
ASSAMENT,63.666666666666664
ASTAR,160.33333333333334
ASTEC,271936.14285714284
ASTERDM,1165475.4285714286
ASTRAL,2614024.285714286
ASTRAMICRO,1210153.857142857
ASTRAZEN,35005.28571428572
ASTRON,29047.85714285714
ATALREAL,10884903.0
ATAM,9727.57142857143
ATCENERGY,8571.42857142857
ATGL,7073492.857142857
ATHERENERG,8827773.57142857
ATL,173992.42857142858
ATLANTAA,59384.42857142857
ATLANTAELE,129830.28571428571
ATLASCYCLE,3327.5714285714284
ATLPP,2882.4285714285716
ATMASTCO,12514.285714285714
ATUL,36607.71428571428
ATULAUTO,367604.0
AUBANK,2040442.2857142857
AUGMONT,10340210.5
AURIGROW,12954813.0
AURIONPRO,257370.2857142857
AUROIMPEX,9333.333333333334
AUROPHARMA,1554184.5714285714
AURUM,207015.85714285713
AURUS,19927.6
AUSL,3333.3333333333335
AUSOMENT,4458.428571428572
AUSTENG,19080.333333333332
AUTOAXLES,7219.142857142857
AUTOBEES,290016.0
AUTOIETF,955471.0
AUTOIND,71307.71428571429
AVADHSUGAR,99117.85714285714
AVAILFC,2072.0
AVALON,722116.0
AVANA,17714.285714285714
AVANCE,5319923.333333333
AVANTEL,1960192.857142857
AVANTIFEED,792102.5714285715
AVATAR,13200.0
AVG,144402.2857142857
AVIANSH,3000.0
AVIENCE,30200.0
AVL,228617.14285714287
AVONMORE,388507.71428571426
AVPINFRA,41485.71428571428
AVROIND,323438.14285714284
AVTNPL,268604.5714285714
AWFIS,281047.85714285716
AWHCL,69987.0
AWL,3425104.8571428573
AXIOMGAS,346000.0
AXISBANK,7554205.142857143
AXISBNKETF,5905.5
AXISCADES,503790.5714285714
AXISCETF,1910.5
AXISGOLD,2644691.0
AXISHCETF,2190.5
AXISILVER,786903.0
AXISNIFTY,35027.5
AXISTECETF,6345.0
AXISVALUE,87756.5
AXITA,866977.0
AXSENSEX,2016.5
AXTEL,4246.333333333333
AYE,2120878.4285714286
AYMSYNTEX,258958.7142857143
AZAD,1250273.142857143
AZADIND,59976.333333333336
BABAFP,4800.0
BAFNAPH,12009.285714285714
BAGDIGITAL,12000.0
BAGFILMS,58665.42857142857
BAGMANE,1266641.2857142857
BAHETI,21321.428571428572
BAIDFIN,72940.0
BAJAJ-AUTO,336565.85714285716
BAJAJCON,658112.1428571428
BAJAJELEC,322219.85714285716
BAJAJFINSV,1348867.0
BAJAJHCARE,430055.5714285714
BAJAJHFL,4087602.5714285714
BAJAJHIND,27755336.285714287
BAJAJHLDNG,64123.42857142857
BAJAJINDEF,33800.142857142855
BAJAJST,16662.571428571428
BAJEL,1666650.5714285714
BAJFINANCE,18294445.85714286
BALAJEE,37165.857142857145
BALAJIPHOS,4400.0
BALAJITELE,111772.0
BALAMINES,164516.57142857142
BALAXI,33112.0
BALCO,2400.0
BALKRISHNA,29903.0
BALKRISIND,2702288.4285714286
BALMLAWRIE,149468.14285714287
BALPHARMA,28347.0
BALRAMCHIN,6489563.428571428
BALUFORGE,932784.5714285715
BANARBEADS,2898.5714285714284
BANARISUG,2278.1428571428573
BANCOINDIA,423262.5714285714
BANDHANBNK,9786557.714285715
BANG,124029.14285714286
BANK10ADD,64812.0
BANK10BETF,2003438.2
BANKA,3799.4285714285716
BANKADD,80795.14285714286
BANKBARODA,10099653.0
BANKBEES,603130.0
BANKBETA,663100.0
BANKBETF,54281.57142857143
BANKETF,22030.85714285714
BANKIETF,721551.8571428572
BANKINDIA,6910725.857142857
BANKNIFTY1,575127.7142857143
BANKPSU,11540.142857142857
BANSALWIRE,131063.85714285714
BANSWRAS,31165.571428571428
BARFLEX,15142.857142857143
BASF,13179.714285714286
BASILIC,22928.571428571428
BASML,139834.14285714287
BATAINDIA,191348.2857142857
BATLIBOI,21789.0
BAWEJA,10285.714285714286
BAYERCROP,27788.85714285714
BBETF0432,41857.71428571428
BBL,24450.0
BBNPNBETF,465.42857142857144
BBNPPGOLD,47958.142857142855
BBOX,604323.8571428572
BBTC,138200.14285714287
BBTCL,41211.0
BCG,3906654.0
BCLIND,795245.8571428572
BCONCEPTS,9918.57142857143
BCPL,17171.14285714286
BDL,2054097.5714285714
BEACON,10428.57142857143
BEARDSELL,53129.28571428572
BECTORFOOD,1418568.0
BEDMUTHA,5193.571428571428
BEEKAY,12278.142857142857
BEL,15014308.142857144
BELLACASA,12206.42857142857
BELRISE,3719045.4285714286
BEML,382378.28571428574
BENARAS,105.0
BENGALASM,459.0
BEPL,1059321.2857142857
BERGEPAINT,348179.14285714284
BESTAGRO,7056293.428571428
BETA,21063.14285714286
BEWLTD,25500.0
BFINVEST,103132.0
BFSI,250421.42857142858
BFUTILITIE,59446.42857142857
BGLOBAL,32478.0
BGRENERGY,87117.0
BHADORA,26914.285714285714
BHAGCHEM,141192.85714285713
BHAGERIA,124382.57142857143
BHAGYANGR,119611.28571428571
BHANDARI,144748.57142857142
BHARATCOAL,25743945.285714287
BHARATFORG,1248223.142857143
BHARATGEAR,31037.714285714286
BHARATRAS,13186.0
BHARATSE,213317.57142857142
BHARATWIRE,111463.57142857143
BHARTIARTL,14730534.142857144
BHARTIHEXA,129234.0
BHEL,10474988.285714285
BI,15119.42857142857
BIGBLOC,74281.42857142857
BIKAJI,181347.85714285713
BIKEWO,100000.0
BIL,9509.142857142857
BILVYAPAR,2492.8333333333335
BIMETAL,2898.0
BIOCON,3904704.5714285714
BIOFILCHEM,10784.714285714286
BIOPOL,132000.0
BIRET,550223.2857142857
BIRLACABLE,202063.7142857143
BIRLACORPN,51171.857142857145
BIRLAMONEY,37575.28571428572
BIRLANU,8066.571428571428
BIRLAPREC,97625.85714285714
BLACKBUCK,765455.2857142857
BLACKROSE,27778.285714285714
BLAL,27937.285714285714
BLBLIMITED,71513.71428571429
BLEL,6014301.333333333
BLIL,58477.71428571428
BLISSGVS,1572633.7142857143
BLKASHYAP,1172582.0
BLS,1358986.142857143
BLSE,516444.5714285714
BLUECHIP,10291.8
BLUECLOUDS,3476201.3333333335
BLUECOAST,1377.0
BLUEDART,15954.285714285714
BLUEJET,858224.7142857143
BLUEPEBBLE,5400.0
BLUESTARCO,387713.71428571426
BLUESTONE,2737529.8571428573
BLUEWATER,30857.14285714286
BLUSPRING,640142.8571428572
BMETRICS,5200.0
BMLL,331428.5714285714
BMWVENTLTD,69294.85714285714
BNAGROCHEM,26727.0
BNALTD,1701.5
BNKETFAXIS,1166.5
BODALCHEM,1491588.7142857143
BOHRAIND,24119.571428571428
BOMDYEING,602272.0
BONLON,14253.42857142857
BORANA,26849.571428571428
BOROLTD,353456.4285714286
BORORENEW,601409.2857142857
BOROSCI,164286.42857142858
BOSCH-HCIL,50721.142857142855
BOSCHLTD,52129.71428571428
BOSS,6400.0
BPCL,8678214.0
BPL,50019.42857142857
BPLPHARMA,6038.333333333333
BRACEPORT,4800.0
BRAHMINFRA,22703.666666666668
BRANDMAN,13142.857142857143
BRIGADE,445846.85714285716
BRIGHOTEL,134330.7142857143
BRIGHTBR,1203.0
BRITANNIA,539725.7142857143
BRNL,23114.14285714286
BROOKS,30740.714285714286
BSE,4108797.4285714286
BSE500IETF,149325.85714285713
BSHSL,5263.571428571428
BSL,19212.285714285714
BSLGOLDETF,283485.4285714286
BSLNIFTY,1590706.2857142857
BSLSENETFG,2228.4285714285716
BSOFT,1996245.857142857
BTML,763597.4285714285
BTTL,13489.285714285714
BUILDPRO,38418.857142857145
BULKCORP,3360.0
BURNPUR,223737.33333333334
BUTTERFLY,18351.14285714286
BVCL,67816.28571428571
BYKE,48099.71428571428
C2C,171985.7142857143
CADSYS,1666.6666666666667
CALSOFT,236442.42857142858
CAMLINFINE,689957.8571428572
CAMPUS,456982.4285714286
CAMS,1989360.857142857
CANARYS,138285.7142857143
CANBK,24505574.57142857
CANFINHOME,407947.5714285714
CANHLIFE,1666211.0
CANTABIL,97343.57142857143
CAPACITE,213129.14285714287
CAPILLARY,129511.42857142857
CAPINVIT,270184.4285714286
CAPITALSFB,42677.42857142857
CAPLIPOINT,131380.42857142858
CAPTRUST,74091.0
CARBORUNIV,201063.57142857142
CARERATING,46999.857142857145
CARRARO,316767.85714285716
CARTRADE,465590.4285714286
CARYSIL,73909.28571428571
CASHIETF,252222.7142857143
CASTROLIND,1540305.142857143
CBAZAAR,28000.0
CCAVENUE,11908109.42857143
CCCL,261122.14285714287
CCHHL,21385.85714285714
CCL,167000.0
CDSL,1159485.857142857
CEATLTD,83032.42857142857
CEDAAR,28333.333333333332
CEIGALL,484068.4285714286
CEINSYS,41994.42857142857
CELEBRITY,23152.85714285714
CELLECOR,320571.4285714286
CELLO,378551.4285714286
CELLPOINT,3840.0
CEMNTGROWW,112612.6
CEMPRO,681459.4285714285
CENTENKA,81476.28571428571
CENTEXT,116659.14285714286
CENTEXT-RE,305177.0
CENTRALBK,7698958.428571428
CENTRUM,316189.85714285716
CENTUM,72412.42857142857
CENTURYPLY,156729.42857142858
CERA,9881.285714285714
CEREBRAINT,151284.33333333334
CESC,1729546.0
CEWATER,70989.0
CFEL,14387.666666666666
CGCL,9582289.0
CGPOWER,4549630.571428572
CGRAPHICS,43085.71428571428
CGVAK,3189.0
CHALET,170980.2857142857
CHAMBLFERT,671864.8571428572
CHAMUNDA,10500.0
CHANDAN,40914.28571428572
CHAVDA,69285.71428571429
CHEMBOND,5821.0
CHEMBONDCH,14537.714285714286
CHEMCON,25868.571428571428
CHEMCRUX,3962.0
CHEMFAB,2484.8571428571427
CHEMICAL,381624.14285714284
CHEMPLASTS,378743.28571428574
CHENNPETRO,1345828.0
CHETANA,33333.333333333336
CHEVIOT,1840.2857142857142
CHOICEGOLD,9328.57142857143
CHOICEIN,578743.4285714285
CHOLAFIN,1673830.4285714286
CHOLAHLDNG,272180.4285714286
CIEINDIA,283691.85714285716
CIFL,148484.0
CINELINE,34742.0
CINEVISTA,26621.0
CIPLA,2405052.5714285714
CITIUSINVT,245219.2857142857
CKKRETAIL,9066.666666666666
CLASSICEIL,20342.85714285714
CLAYCRAFT,97900.0
CLCIND,2507.0
CLEAN,397253.14285714284
CLEANMAX,438476.85714285716
CLEDUCATE,21744.14285714286
CLSEL,128145.14285714286
CLSL,14333.333333333334
CMICABLES,17713.0
CMLL,1260005.4
CMNL,18750.0
CMPDI,1503013.5714285714
CMRGREEN,1667659.8333333333
CMRSL,2800.0
CMSINFO,1536662.5714285714
CNL,58316.71428571428
COALINDIA,26455884.714285713
COASTCORP,90110.42857142857
COCHINSHIP,1194392.2857142857
COCKERILL,10828.57142857143
COFFEEDAY,4294006.714285715
COFORGE,3985375.714285714
COHANCE,607320.1428571428
COLPAL,621098.7142857143
COMFINTE,1033668.1428571428
COMMITTED,17485.714285714286
COMMOIETF,56603.71428571428
COMPEAU,585.3333333333334
COMPINFO,27444.85714285714
COMPUSOFT,25347.428571428572
COMSYN,1421098.7142857143
CONCOR,1877529.0
CONCORDBIO,222840.7142857143
CONFIPET,3378748.8571428573
CONNPLEX,66400.0
CONS,45164.142857142855
CONSOFINVT,11428.0
CONSUMAXIS,3649.4
CONSUMBEES,103801.42857142857
CONSUMER,568132.0
CONSUMIETF,13319.0
CONTI,123321.0
CONTROLPR,19153.14285714286
COOLCAPS,95000.0
CORALFINAC,35667.142857142855
CORDELIA,1490554.2
CORDSCABLE,209517.0
COREIN,1764800.0
COROMANDEL,419599.5714285714
CORONA,22403.85714285714
COSMOFIRST,64138.0
COUNCODOS,55073.142857142855
CPCAP,12860.0
CPEDU,15856.57142857143
CPL,78461.0
CPPLUS,336010.4285714286
CPS,4312.5
CPSEETF,847479.4285714285
CRAFTSMAN,117141.85714285714
CRAMC,265721.71428571426
CRAVATEX,130.33333333333334
CRAYONS,3714.285714285714
CREATIVEYE,7004.142857142857
CREDENT,81800.0
CREDITACC,435024.0
CREST,4445.714285714285
CRESTO,53671.0
CRISIL,62487.42857142857
CRIZAC,222702.57142857142
CROMPTON,3298165.714285714
CROWN,15953.0
CRSL,438338.3333333333
CSBBANK,508026.28571428574
CSLFINANCE,54830.71428571428
CSM,435336.0
CSSL,36285.71428571428
CTE,27884.0
CUB,4377004.0
CUBEINVIT,3004007.714285714
CUBEXTUB,115255.42857142857
CUDML,12857.142857142857
CUMMINSIND,684388.2857142857
CUPID,22571671.714285713
CURAA,998.2857142857143
CURIS,12142.857142857143
CURRENT,6720.0
CYBERMEDIA,8067.857142857143
CYBERTECH,24082.428571428572
CYIENT,1264836.7142857143
CYIENTDLM,410853.85714285716
DABUR,4316103.857142857
DAICHI,3595.0
DALBHARAT,438210.28571428574
DALMIASUG,227896.2857142857
DAMCAPITAL,270026.5714285714
DAMODARIND,3166.1428571428573
DANGEE,64531.0
DANISH,26657.14285714286
DATAMATICS,77146.14285714286
DATAPATTNS,721587.1428571428
DAVANGERE,15866036.285714285
DBCORP,88164.14285714286
DBEIL,134117.42857142858
DBL,96673.85714285714
DBOL,191820.42857142858
DBREALTY,1322715.142857143
DBSTOCKBRO,30203.0
DCAL,288392.71428571426
DCBBANK,1042959.8571428572
DCCL,3333.3333333333335
DCG,20057.14285714286
DCI,416320.28571428574
DCM,12285.42857142857
DCMFINSERV,9921.42857142857
DCMNVL,9604.714285714286
DCMSHRIRAM,95184.14285714286
DCMSIL,79814.14285714286
DCMSRIND,127287.0
DCW,876042.7142857143
DCXINDIA,873502.1428571428
DDEVPLSTIK,94971.28571428571
DECCANCE,37227.42857142857
DECCANTRAN,6600.0
DECNGOLD,1235126.2857142857
DEEDEV,221962.7142857143
DEEM,17000.0
DEEP,4178.0
DEEPA,2948558.0
DEEPAKFERT,773097.5714285715
DEEPAKNTR,160656.57142857142
DEEPINDS,698587.0
DEFENCE,227305.42857142858
DELAPLEX,17914.285714285714
DELHIVERY,3284562.0
DELPHIFX,97163.28571428571
DELTACORP,20505795.0
DELTAMAGNT,4907.285714285715
DELTIC,24000.0
DEN,487145.0
DENEERS,19114.285714285714
DENORA,12941.142857142857
DENTA,368062.0
DENTALKART,22107.14285714286
DEVIT,153142.42857142858
DEVX,120815.42857142857
DEVYANI,4240605.857142857
DGCONTENT,46777.142857142855
DHABRIYA,9335.333333333334
DHAMPURSUG,696156.2857142857
DHANBANK,1157164.5714285714
DHANLAXMI,33000.0
DHANSA,13200.0
DHANUKA,33723.71428571428
DHARAN,18135242.166666668
DHARARAIL,7166.666666666667
DHARIWAL,171857.14285714287
DHARMAJ,62862.28571428572
DHATRE,29888.333333333332
DHOOTTRANS,1967859.0
DHRUV,5808.142857142857
DHTL,28266.666666666668
DHUNINV,884.2857142857143
DIACABS,4670478.0
DIAMINESQ,5539.0
DIAMONDYD,43751.0
DICIND,3121.4285714285716
DIFFNKG,1247798.142857143
DIGIDRIVE,11867.857142857143
DIGIKORE,228628.57142857142
DIGISPICE,66444.0
DIGITIDE,424699.14285714284
DIGJAMLMTD,19038.571428571428
DIL,341881.0
DIRL,21000.0
DISAQ,534.7142857142857
DISHTV,1970549.857142857
DIVGIITTS,961465.7142857143
DIVIDEND,13153.285714285714
DIVINEHIRA,13885.714285714286
DIVISLAB,661522.7142857143
DIVOPPBEES,45174.71428571428
DIVYADHAN,6800.0
DIXON,395726.85714285716
DJML,357622.28571428574
DKEGL,4875.0
DLF,4759691.714285715
DLINKINDIA,70939.14285714286
DMART,798804.4285714285
DMCC,148087.7142857143
DNAMEDIA,34884.0
DODLA,45491.42857142857
DOLATALGO,92091.85714285714
DOLLAR,151217.57142857142
DOLLEX,39408.5
DOLPHIN,35502.28571428572
DOMS,77002.28571428571
DONEAR,15204.57142857143
DPABHUSHAN,142824.2857142857
DPEL,19714.285714285714
DPSCLTD,85735.57142857143
DPWIRES,12735.857142857143
DRAGARWQ,1191.0
DRCSYSTEMS,70823.57142857143
DREAMFOLKS,45223.28571428572
DREDGECORP,228047.85714285713
DRONE,39500.0
DRREDDY,2431138.1428571427
DSFCL,38246.28571428572
DSKULKARNI,38.0
DSSL,62918.28571428572
DTIL,13552.57142857143
DTL,1200.0
DUCOL,8914.285714285714
DUCON,1243185.0
DUGLOBAL,32142.85714285714
DURLAX,350571.4285714286
DVL,10697.42857142857
DWARKESH,2625524.714285714
DYCL,731770.5714285715
DYNAMATECH,20463.0
DYNAMIC,7214.285714285715
DYNPRO,26536.85714285714
E2E,628506.2857142857
E2ERAIL,51085.71428571428
EASEMYTRIP,24004740.57142857
EASTSILK,1084.4285714285713
EASTWEST,35776.333333333336
EBANK10,1017.6666666666666
EBANKNIFTY,1452.857142857143
EBBETF0430,17460.571428571428
EBBETF0431,7362.0
EBBETF0433,1984.857142857143
EBGNG,998415.5714285715
EBIX,100553.66666666667
ECAPINSURE,37274.0
ECLERX,347317.14285714284
ECOLINE,36833.333333333336
ECORECO,10645.333333333334
ECOSMOBLTY,263290.5714285714
EDELWEISS,4215125.571428572
EDUCOMP,51387.0
EEPL,23000.0
EFACTOR,8800.0
EFCIL,481661.5714285714
EFFWA,21600.0
EFORCE,11200.0
EGOLD,129348.85714285714
EICHERMOT,1093458.2857142857
EIDPARRY,466121.28571428574
EIEL,1396189.857142857
EIFFL,11908.142857142857
EIHAHOTELS,13283.714285714286
EIHOTEL,433709.71428571426
EIMCOELECO,19168.14285714286
EKC,178360.0
EKI,39483.0
ELANTAS,861.5714285714286
ELCIDIN,8.142857142857142
ELDEHSG,1181.857142857143
ELECON,451846.4285714286
ELECTCAST,4287977.714285715
ELECTHERM,28735.285714285714
ELEVATE,38490932.0
ELGIEQUIP,1314177.7142857143
ELGIRUBCO,94842.71428571429
ELGNZ,34285.71428571428
ELIN,219586.0
ELIQUID,23383.85714285714
ELITECON,3184273.285714286
ELLEN,579864.8571428572
ELM250,103861.28571428571
ELMDIV,4343.666666666667
ELPROINTL,49165.28571428572
EMAMILTD,1083303.7142857143
EMAMIPAP,70428.0
EMAMIREAL,6655.428571428572
EMAPARTNER,27500.0
EMBASSY,1207734.142857143
EMBDL,3885618.1428571427
EMCURE,149932.0
EMETAL,31168.8
EMIL,3904058.5714285714
EMKAY,46170.28571428572
EMKAYTOOLS,1435.7142857142858
EMMBI,22029.14285714286
EMMIL,7321.428571428572
EMMVEE,3802705.8571428573
EMPIND,3927.3333333333335
EMPOWER,4853003.714285715
EMSLIMITED,307753.85714285716
EMUDHRA,279159.0
EMULTIMQ,36959.71428571428
ENCOMPAS,16114.285714285714
ENDURANCE,137451.14285714287
ENERGY,585057.1428571428
ENERGYAXIS,7782.0
ENERGYDEV,39433.42857142857
ENEXT50,940.2857142857143
ENFUSE,3900.0
ENGINERSIN,2944949.714285714
ENIFTY,19069.0
ENIL,16913.714285714286
ENKEIWHEL,3435.3333333333335
ENRIN,803339.0
ENSER,52142.857142857145
ENTERO,274386.0
ENVIRO,16000.0
EPACK,482226.4285714286
EPACKPEB,593791.5714285715
EPIGRAL,48245.42857142857
EPL,1748240.857142857
EPWINDIA,13371.42857142857
EQUAL200,35224.71428571428
EQUAL50,2688.0
EQUAL50ADD,22743.14285714286
EQUIPPP,21922.85714285714
EQUITASBNK,2307765.8571428573
ERIS,121684.85714285714
ESABINDIA,5703.857142857143
ESAFSFB,6792213.571428572
ESCONET,27485.714285714286
ESCORTS,210765.85714285713
ESDS,35560.0
ESENSEX,755.0
ESFL,15942.857142857143
ESG,16667.571428571428
ESILVER,201889.0
ESPRIT,17280.0
ESSARSHPNG,1077808.142857143
ESSEN-RE3,10571238.0
ESSENTIA,3402176.4285714286
ESTER,569900.0
ETERNAL,69502839.0
ETHOSLTD,20570.714285714286
ETL,1564.2857142857142
ETML,12400.0
EUREKAFORB,173434.85714285713
EUROBOND,5391.428571428572
EUROPRATIK,261270.14285714287
EUROTEXIND,5719.0
EVEREADY,92278.71428571429
EVERESTIND,45250.142857142855
EVIETF,193165.0
EVINDIA,357904.4285714286
EXCELINDUS,12076.42857142857
EXCELLENT,10000.0
EXCELSOFT,441150.5714285714
EXICOM,5179906.142857143
EXIDEIND,8398810.142857144
EXIMROUTES,23200.0
EXPLEOSOL,76084.0
EXXARO,2255703.4285714286
FABTECH,97802.28571428571
FACT,222339.57142857142
FAIRCHEMOR,10961.42857142857
FALCONTECH,27257.14285714286
FASCINATE,80533.33333333333
FAZE3Q,77628.42857142857
FCL,13702657.42857143
FCONSUMER,1756794.0
FCSSOFT,2006933.142857143
FDC,512199.5714285714
FEDDERSHOL,1162462.142857143
FEDERALBNK,40116755.0
FEDFINA,859096.4285714285
FEL,146769.0
FELDVR,4417.571428571428
FELIX,39500.0
FERMENTA,244982.14285714287
FIBERWEB,24089.0
FICRF3GP,19.0
FIDEL,18666.666666666668
FIEMIND,66765.14285714286
FILATEX,2917939.8571428573
FILATFASH,28842739.57142857
FINBUD,39285.71428571428
FINCABLES,514926.28571428574
FINEORG,20203.571428571428
FINIETF,498477.85714285716
FINKURVE,119010.71428571429
FINOPB,233255.7142857143
FINPIPE,665017.1428571428
FIRSTCRY,1594014.0
FISCHER,3055721.8571428573
FIVESTAR,786825.5714285715
FLAIR,145815.7142857143
FLEXIADD,101774.42857142857
FLEXITUFF,37829.28571428572
FLFL,39506.57142857143
FLUOROCHEM,142524.42857142858
FLYSBS,66600.0
FMCGADD,16938.85714285714
FMCGIETF,2002108.4285714286
FMGOETZE,3875479.8571428573
FMNL,44823.42857142857
FOCE,5760.0
FOCUS,66832.28571428571
FONEBOX,11000.0
FOODSIN,70176.42857142857
FORCAS,35885.71428571428
FORCEMOT,111325.57142857143
FORGEAUTO,9360.0
FORTIS,2158503.5714285714
FOSECOIND,22697.0
FRACTAL,582814.4285714285
FREDUN,22389.0
FRESHARA,31200.0
FROG,32171.428571428572
FRONTSP,32353.14285714286
FSL,3562576.1428571427
FUSION,560607.1428571428
FWSTC,23250.0
GABRIEL,485732.4285714286
GAEL,1962340.2857142857
GAIL,16383827.57142857
GAJA,2991404.3333333335
GAJANAND,6000.0
GALAPREC,52787.857142857145
GALAXYSURF,26796.0
GALLANTT,139314.85714285713
GANDHAR,2014802.2857142857
GANDHITUBE,6068.142857142857
GANECOS,175125.2857142857
GANESHBE,422847.85714285716
GANESHCP,386390.4285714286
GANESHHOU,64292.142857142855
GANESHIN,58514.28571428572
GANGABATH,43285.71428571428
GANGAFORGE,4197189.285714285
GANGESSECU,733.4285714285714
GARFIBRES,45335.57142857143
GARUDA,283128.4285714286
GATECH,59384723.428571425
GATECHDVR,2284292.285714286
GATEWAY,929356.5714285715
GAUDIUMIVF,140287.0
GAYAHWS,441320.0
GAYAPROJ,477988.14285714284
GCHOTELS,53914.28571428572
GCSL,475679.5714285714
GEECEE,4137.571428571428
GEEKAYWIRE,343269.14285714284
GEMAROMA,82165.42857142857
GENCON,618118.8571428572
GENESYS,724296.7142857143
GENSOL,85086.66666666667
GENUSPAPER,62681.857142857145
GENUSPOWER,10490081.285714285
GENXAI,97600.0
GEOJITFSL,342403.28571428574
GESHIP,1099295.857142857
GFLLIMITED,45728.57142857143
GFSTEELS,2736.0
GGBL,24385.714285714286
GHCL,456125.85714285716
GHCLTEXTIL,2612773.285714286
GICHSGFIN,68702.71428571429
GICL,410737.28571428574
GICRE,653612.2857142857
GILLANDERS,21610.14285714286
GILLETTE,40712.42857142857
GILT10BETA,1781.7142857142858
GILT5BETA,1890.3333333333333
GILT5YBEES,166784.0
GINNIFILA,98506.14285714286
GIPCL,665261.7142857143
GIRIRAJ,11392.857142857143
GJL,4000.0
GKB,2015.3333333333333
GKENERGY,921123.2857142857
GKSL,708698.7142857143
GKWLIMITED,509.42857142857144
GLAND,656021.4285714285
GLASSWALL,10083480.0
GLAXO,156607.57142857142
GLENMARK,853962.8571428572
GLFL,5153.285714285715
GLOBAL,98541.71428571429
GLOBALE,5550.571428571428
GLOBALPET,57375.0
GLOBALVECT,10352.57142857143
GLOBE,581372.0
GLOBECIVIL,49815.71428571428
GLOBUSSPR,80504.0
GLOSTERLTD,2388.285714285714
GLOTTIS,60451.142857142855
GMBREW,30736.428571428572
GMDCLTD,1253265.7142857143
GML,11500.0
GMMPFAUDLR,305314.28571428574
GMRAIRPORT,41500792.571428575
GMRP&UI,3377343.4285714286
GNA,270556.5714285714
GNFC,471115.0
GNRL,304239.5714285714
GOACARBON,13375.0
GOCLCORP,65253.142857142855
GOCOLORS,815382.5714285715
GODAVARIB,95096.85714285714
GODFRYPHLP,341195.4285714286
GODIGIT,780531.0
GODREJAGRO,136238.57142857142
GODREJCP,1383299.142857143
GODREJIND,125893.42857142857
GODREJPROP,853353.1428571428
GOKEX,392314.71428571426
GOKUL,158137.2857142857
GOKULAGRO,764292.8571428572
GOLD1,1748139.2857142857
GOLD360,22344.285714285714
GOLDADD,4717886.428571428
GOLDAXIS,2858692.2
GOLDBEES,25828377.14285714
GOLDBETA,460183.85714285716
GOLDBND,23715.0
GOLDCASE,9058131.42857143
GOLDENTOBC,1672.142857142857
GOLDETF,1050504.0
GOLDIAM,863180.2857142857
GOLDIETF,6404922.142857143
GOLDKART,781.25
GOLDSTAR,43125.0
GOLDTECH,61299.57142857143
GOODLUCK,358710.5714285714
GOODYEAR,11712.57142857143
GOPAL,109364.42857142857
GOYALALUM,89339.57142857143
GOYALSALT,6000.0
GPECO,38228.57142857143
GPIL,1765448.4285714286
GPPL,3117849.5714285714
GPTHEALTH,213895.0
GPTINFRA,119489.14285714286
GRADIENTE,1008605.8571428572
GRANDOAK,5498.142857142857
GRANULES,877122.8571428572
GRAPHISAD,16080.0
GRAPHITE,1290268.5714285714
GRASIM,751187.1428571428
GRAUWEIL,477733.28571428574
GRAVISSHO,932.1428571428571
GRAVITA,244429.2857142857
GRCL,833.3333333333334
GREAVESCOT,1955637.857142857
GREENCHEF,8266.666666666666
GREENLAM,265998.28571428574
GREENLEAF,10857.142857142857
GREENPANEL,271749.0
GREENPLY,238961.7142857143
GREENPOWER,2359931.285714286
GRETEX,37000.0
GRINDWELL,58039.28571428572
GRINFRA,25875.0
GRMOVER,1583529.142857143
GROBTEA,279.0
GROWW,61471718.428571425
GROWWCAPM,608497.4285714285
GROWWCHEM,50521.857142857145
GROWWDEFNC,250362.0
GROWWEV,295993.5714285714
GROWWGOLD,2647798.8571428573
GROWWHOSPI,702437.4285714285
GROWWLIQID,253351.57142857142
GROWWLOVOL,55523.57142857143
GROWWMC150,1504.2857142857142
GROWWMETAL,525608.8571428572
GROWWMOM50,342312.0
GROWWN200,56641.857142857145
GROWWNET,594205.7142857143
GROWWNIFTY,681425.0
GROWWNXT50,8693.714285714286
GROWWPOWER,3025125.1428571427
GROWWPSE,4526.285714285715
GROWWPSUBK,6880.285714285715
GROWWRAIL,874824.8571428572
GROWWRLTY,243368.42857142858
GROWWSC250,126675.0
GROWWSLVR,1578060.5714285714
GRPLTD,2676.1428571428573
GRSE,556378.8571428572
GRWRHITECH,84346.57142857143
GSEC10ABSL,62.666666666666664
GSEC10ADD,628.0
GSEC10IETF,232.8
GSEC10YEAR,3832.8571428571427
GSEC5IETF,7417.571428571428
GSFC,660315.5714285715
GSLSU,99316.0
GSMFOILS,303428.5714285714
GSPCROP,288541.85714285716
GSPLTRANS,256372.0
GSS,20388.14285714286
GSTL,8142.857142857143
GTECJAINX,6427.142857142857
GTL,255793.0
GTLINFRA,64767498.28571428
GTPL,107977.14285714286
GUFICBIO,1295768.0
GUJALKALI,105029.28571428571
GUJAPOLLO,9117.57142857143
GUJENERGY,1163725.2
GUJGASLTD,2174907.0
GUJRAFFIA,5645.285714285715
GUJTHEM,230293.85714285713
GULFOILLUB,160597.85714285713
GULFPETRO,193558.42857142858
GULPOLY,148876.85714285713
GURUNANAK,6400.0
GVKPIL,1152108.0
GVPIL,308448.71428571426
GVPTECH,316233.28571428574
GVPTECHPP,3074.0
GVT&D,1095688.5714285714
GYFTR,189857.6
HAL,1307765.142857143
HALDER,18330.428571428572
HALDYNGL,73400.14285714286
HALEOSLABS,1375.4285714285713
HAMPTON,25134.333333333332
HAPPSTMNDS,1335816.0
HAPPY,73200.0
HAPPYFORGE,82324.0
HARDWYN,2512798.4285714286
HARIOMPIPE,211103.85714285713
HARRMALAYA,8955.42857142857
HARSHA,210423.2857142857
HATHWAY,1715025.142857143
HATSUN,43719.42857142857
HAVELLS,1745006.5714285714
HAVISHA,45496.28571428572
HAWKINCOOK,1528.7142857142858
HAZOOR,315548.0
HBESD,6223.0
HBLENGINE,1794539.2857142857
HBPOR,656.6666666666666
HBSL,2599.4285714285716
HCC,30990709.14285714
HCG,188208.7142857143
HCL-INSYS,354688.14285714284
HCLTECH,4883565.428571428
HDBFS,459069.28571428574
HDFCAMC,899598.8571428572
HDFCBANK,48923075.14285714
HDFCBSE500,1491342.142857143
HDFCGOLD,3076542.285714286
HDFCGROWTH,28981.714285714286
HDFCLIFE,5923830.428571428
HDFCLIQUID,25157.0
HDFCLOWVOL,41148.71428571428
HDFCMID150,408080.28571428574
HDFCMOMENT,173041.14285714287
HDFCNEXT50,612681.1428571428
HDFCNIF100,67538.28571428571
HDFCNIFBAN,317113.85714285716
HDFCNIFIT,358018.0
HDFCNIFTY,160740.7142857143
HDFCNIMEG,45283.75
HDFCPSUBK,57226.42857142857
HDFCPVTBAN,211777.42857142858
HDFCQUAL,16902.0
HDFCSENSEX,57337.142857142855
HDFCSILVER,2709681.5714285714
HDFCSML250,1235567.2857142857
HDFCVALUE,8158.857142857143
HDIL,105091.14285714286
HEADSUP,40609.28571428572
HEALTHADD,64076.0
HEALTHAXIS,5476.2
HEALTHCARE,69579.71428571429
HEALTHIETF,141333.7142857143
HEALTHX,6616.571428571428
HEALTHY,1498934.2857142857
HECPROJECT,9459.57142857143
HEG,1498796.8333333333
HEGAM,1339286.0
HEIDELBERG,109089.71428571429
HEMIPROP,240346.42857142858
HERANBA,54639.42857142857
HERITGFOOD,196492.85714285713
HEROMOTOCO,909970.7142857143
HEROMOTORS,107202546.0
HESTERBIO,70512.28571428571
HEXAGON,964421.0
HEXATRADEX,1974.4285714285713
HEXT,752389.7142857143
HFCL,32692519.57142857
HGINFRA,87042.57142857143
HGM,7317.857142857143
HGS,15142.0
HIGREEN,17371.428571428572
HIKAL,404696.0
HILINFRA,53559.57142857143
HILTON,83986.28571428571
HIMATSEIDE,894910.7142857143
HINDADH,2138.6666666666665
HINDALCO,6029629.0
HINDALUMI,5539.666666666667
HINDCOMPOS,3207.4285714285716
HINDCON,79335.28571428571
HINDCOPPER,6105486.428571428
HINDOILEXP,460980.28571428574
HINDPETRO,6441017.714285715
HINDUNILVR,4084381.8571428573
HINDWAREAP,86141.14285714286
HINDZINC,4842367.714285715
HIRECT,154879.57142857142
HISARMETAL,1979.7142857142858
HITECH,992952.0
HITECHCORP,12719.42857142857
HITECHGEAR,5686.285714285715
HLEGLAS,81413.57142857143
HLVLTD,156000.0
HMAAGRO,1367819.0
HMT,16856.285714285714
HMVL,34765.42857142857
HNDFDS,73814.85714285714
HNGSNGBEES,112679.0
HOACFOODS,3187.5
HOLMARC,3642.8571428571427
HOMEFIRST,251395.57142857142
HOMESFY,11700.0
HONASA,1472217.142857143
HONAUT,8017.142857142857
HONDAPOWER,6404.857142857143
HORIZONIND,5514113.333333333
HPAL,46557.28571428572
HPIL,2003.5
HPL,137962.14285714287
HPTL,4680.0
HRHNEXT,6750.0
HRYNSHP,394.3333333333333
HSBCGOLD,42196.71428571428
HSCL,6103193.142857143
HTEL,4644616.0
HTMEDIA,117831.28571428571
HUBTOWN,606080.7142857143
HUDCO,1959856.5714285714
HUHTAMAKI,233727.2857142857
HVAX,1250.0
HYBRIDETF,22191.5
HYBRIDFIN,9233.142857142857
HYUNDAI,4234957.285714285
IBLFL,6000.0
IBULLSLTD,9687807.42857143
ICDSLTD,1307.142857142857
ICELCO,64320.0
ICEMAKE,43226.28571428572
ICICIAMC,483977.4285714286
ICICIB22,309147.5714285714
ICICIBANK,15764603.0
ICICIGI,1409672.7142857143
ICICIPRULI,2289477.1428571427
ICIL,957003.2857142857
ICRA,61308.28571428572
IDBI,8326977.857142857
IDEA,484192054.4285714
IDEAFORGE,233586.85714285713
IDEALTECHO,2300.0
IDENTICAL,12000.0
IDFCFIRSTB,33822386.28571428
IDFNIFTYET,1784.857142857143
IEML,234500.0
IEX,4135599.8571428573
IF3GPD,1.0
IFBAGRO,8271.714285714286
IFBIND,167551.14285714287
IFCI,52933195.571428575
IFGLEXPOR,30776.571428571428
IGARASHI,47529.857142857145
IGCL,212820.85714285713
IGIL,734861.5714285715
IGL,2500936.0
IGPL,67652.71428571429
IIFL,2264893.285714286
IIFLCAPS,645595.2857142857
IITL,120536.42857142857
IKIO,1187506.0
IKS,177389.42857142858
IL&FSENGG,45854.142857142855
IL&FSTRANS,45672.57142857143
IMAGICAA,3000314.285714286
IMFA,231579.14285714287
IMPAL,2420.1428571428573
IMPEXFERRO,29170.25
INA,528656.8571428572
INCREDIBLE,5053.285714285715
INDBANK,22047.0
INDGN,1241760.4285714286
INDHOTEL,3956343.8571428573
INDIACEM,274518.28571428574
INDIAGLYCO,202976.57142857142
INDIAMART,128145.14285714286
INDIANB,6331489.857142857
INDIANCARD,2645.1428571428573
INDIANHUME,34098.142857142855
INDIASHLTR,110907.28571428571
INDIFRA,4000.0
INDIGO,696979.0
INDIGOPNTS,138075.0
INDIGRID,757968.2857142857
INDIQUBE,30910.571428571428
INDNIPPON,208939.7142857143
INDOAMIN,83400.0
INDOBORAX,145792.0
INDOCO,335385.4285714286
INDOFARM,214063.0
INDOKEM,2252.3333333333335
INDOMIM,20516129.8
INDORAMA,862237.8571428572
INDOSTAR,340895.5714285714
INDOTECH,41475.28571428572
INDOTHAI,1269284.2857142857
INDOUS,31046.85714285714
INDOWIND,435645.28571428574
INDPRUD,33.0
INDRAMEDCO,213064.42857142858
INDSWFTLAB,1552362.2857142857
INDTERRAIN,18063.428571428572
INDUSINDBK,2109820.8571428573
INDUSINVIT,389958.85714285716
INDUSTOWER,6999568.857142857
INFINIUM,13416.666666666666
INFLUX,44400.0
INFOBEAN,1755245.857142857
INFOLLION,11314.285714285714
INFOMEDIA,20376.0
INFRA,52855.28571428572
INFRABEES,8849.714285714286
INFRAIETF,2218577.285714286
INFY,23164294.14285714
INGERRAND,40326.28571428572
INM,18960.0
INNOMET,47828.57142857143
INNOVACAP,130300.42857142857
INNOVANA,8046.142857142857
INNOVISION,67921.28571428571
INOXGREEN,1233435.4285714286
INOXINDIA,328199.14285714284
INOXWIND,12802263.857142856
INSECTICID,40622.142857142855
INSPIRE,2000.0
INSPIRISYS,7155.571428571428
INSUREIETF,3533861.0
INTEGRITY,4080.0
INTELLECT,722919.2857142857
INTENTECH,43394.0
INTERARCH,49192.28571428572
INTERNET,224652.7142857143
INTLCONV,116874.42857142857
INVENTURE,768714.7142857143
INVICTA,16320.0
INVPRECQ,8170.285714285715
IOB,2173328.714285714
IOC,14212036.142857144
IOLCP,3435941.285714286
IONEXCHANG,292829.4285714286
IPCALAB,446107.14285714284
IPHL,36514.28571428572
IPL,128064.57142857143
IPRINGLTD,6821.333333333333
IPSL,7200.0
IRB,26765805.42857143
IRBINVIT,977187.7142857143
IRCON,12035405.57142857
IRCTC,824455.8571428572
IREDA,8087481.571428572
IRFC,16045598.714285715
IRIS,26161.14285714286
IRISDOREME,992392.0
IRMENERGY,111730.42857142857
ISFT,42758.857142857145
ISGEC,94903.85714285714
ISHAN,264000.0
ISHANCH,75282.57142857143
ISTLTD,629.6666666666666
IT,740565.8571428572
ITADD,181211.2857142857
ITALIANE,14333.333333333334
ITAXIS,6391.0
ITBEES,22644644.0
ITBETA,4411.285714285715
ITC,19869202.14285714
ITCHOTELS,2511133.285714286
ITDC,730969.8571428572
ITETF,742875.8571428572
ITI,545262.4285714285
ITIETF,1898799.142857143
ITL,1954.3333333333333
ITTL,682.5
IVALUE,1753523.142857143
IVC,458762.0
IVP,17628.85714285714
IVZBANKNF,1057.6666666666667
IVZINGOLD,31194.14285714286
IVZINNIFTY,1446.857142857143
IVZSENSEX,7441.333333333333
IWARE,7800.0
IWP,14522.285714285714
IXIGO,901702.4285714285
IZMO,78996.57142857143
J&KBANK,4245167.857142857
JAGRAN,1169305.142857143
JAGSNPHARM,3630064.285714286
JAIBALAJI,966665.5714285715
JAICORPLTD,295487.71428571426
JAINAM,8000.0
JAINIK,30000.0
JAINREC,1176291.2857142857
JAIPURKURT,19918.714285714286
JALAN,165750.0
JAMNAAUTO,3239430.1428571427
JARO,96865.85714285714
JASH,362270.14285714284
JAYAGROGN,9967.0
JAYBARMARU,522995.85714285716
JAYBEE,23000.0
JAYESH,53333.333333333336
JAYKAY,662208.1428571428
JAYKAYPP,84977.0
JAYNECOIND,3111703.285714286
JAYSREETEA,44657.0
JBCHEPHARM,429388.0
JBMA,472858.14285714284
JENBURPH,1168.6666666666667
JETFREIGHT,197225.7142857143
JEYYAM,46285.71428571428
JFLLIFE,37000.0
JGCHEM,1272362.7142857143
JHS,546033.2857142857
JINDALPHOT,36369.857142857145
JINDALPOLY,14411.57142857143
JINDALSAW,1651044.857142857
JINDALSTEL,1389433.857142857
JINDRILL,351422.0
JINDWORLD,5034537.0
JIOFIN,19194469.42857143
JISLDVREQS,14748.0
JISLJALEQS,1786015.7142857143
JITFINFRA,24815.0
JIWANRAM,21000.0
JKCEMENT,70258.57142857143
JKIL,66591.71428571429
JKIPL,82600.71428571429
JKLAKSHMI,122981.71428571429
JKPAPER,344775.14285714284
JKTYRE,808921.8571428572
JLHL,245501.14285714287
JMA,41637.71428571428
JMFINANCIL,1994570.5714285714
JNKINDIA,276589.85714285716
JNPR,1187987.3333333333
JOCIL,6011.571428571428
JPOLYINVST,16366.714285714286
JPPOWER,161823949.57142857
JSFB,545102.8571428572
JSIPL,902237.0
JSL,1012628.4285714285
JSLL,564567.4285714285
JSWCEMENT,1734255.0
JSWDULUX,64728.142857142855
JSWENERGY,3839770.285714286
JSWHL,12716.57142857143
JSWINFRA,2828152.5714285714
JSWSTEEL,1637240.5714285714
JTEKTINDIA,324040.14285714284
JTLIND,4816697.714285715
JUBLCPL,10055.0
JUBLFOOD,7148672.0
JUBLINGREA,351934.5714285714
JUBLPHARMA,207373.7142857143
JUNIORBEES,394274.71428571426
JUNIPER,108179.14285714286
JUSTDIAL,548626.1428571428
JWL,4407024.428571428
JYOTHYLAB,672793.7142857143
JYOTICNC,2196076.0
JYOTIGLOBL,12000.0
JYOTIRES,7165.666666666667
JYOTISTRUC,3733782.0
K2INFRA,15000.0
KABRAEXTRU,230871.85714285713
KAJARIACER,769641.2857142857
KAKATCEM,3445.285714285714
KALAMANDIR,383176.71428571426
KALANA,3714.285714285714
KALPATARU,109716.14285714286
KALYANI,250.0
KALYANIFRG,11459.57142857143
KALYANKJIL,19310669.285714287
KAMAHOLD,4010.714285714286
KAMANWALA,2104.0
KAMATHOTEL,78151.14285714286
KAMDHENU,755939.2857142857
KAMOPAINTS,218259.7142857143
KANANIIND,150544.85714285713
KANCHI,1554.5714285714287
KANCOTEA,118.66666666666667
KANDARP,32000.0
KANOHAR,2079818.0
KANORICHEM,39634.57142857143
KANPRPLA,17271.85714285714
KANSAINER,241063.57142857142
KAPSTON,158829.7142857143
KARAMTARA,5878325.0
KARMAENG,4924.714285714285
KARNIKA,45285.71428571428
KARURVYSYA,2267819.285714286
KATARIA,8314.285714285714
KAUSHALYA,122.42857142857143
KAVDEFENCE,84582.28571428571
KAYA,8757.0
KAYNES,1586482.4285714286
KAYTEX,8457.142857142857
KCEIL,16666.666666666668
KCK,409285.71428571426
KCP,185372.2857142857
KCPSUGIND,315312.85714285716
KDDL,27895.571428571428
KDGREEN,19545.0
KDL,34007.142857142855
KEC,1962585.7142857143
KECL,127555.0
KEEPLEARN,31992.14285714286
KEI,359997.28571428574
KEL,7800.0
KELLTONTEC,4649870.714285715
KEN,6342.857142857143
KENNAMET,41095.28571428572
KERNEX,461769.14285714284
KESORAMIND,571695.2857142857
KEYFINSERV,2464.285714285714
KFINTECH,959178.7142857143
KHADIM,42482.71428571428
KHAICHEM,109469.85714285714
KHAITANLTD,2295.285714285714
KHANDSE,2082.5714285714284
KHERIAAUTO,152400.0
KHFM,6510.0
KICL,1465.5714285714287
KILITCH,63287.71428571428
KIMS,991007.2857142857
KINGFA,9982.857142857143
KIOCL,301931.28571428574
KIRANVYPAR,5369.285714285715
KIRIINDUS,731585.7142857143
KIRLFER,61706.57142857143
KIRLOSBROS,195335.42857142858
KIRLOSENG,784796.4285714285
KIRLOSIND,7895.285714285715
KIRLPNU,144245.57142857142
KISSHT,2585088.4285714286
KITEX,427911.5714285714
KJMCFIN,620.3333333333334
KKCL,19191.285714285714
KKJEWELS,11600.0
KKVAPOW,256.5
KLBRENG-B,229503.0
KLL,8320.0
KMCSHIL,966471.6666666666
KMEW,157649.57142857142
KMSUGAR,317341.14285714284
KNACK,511106.4
KNAGRI,10838.857142857143
KNRCON,1317777.4285714286
KODYTECH,20857.14285714286
KOHINOOR,101140.28571428571
KOKUYOCMLN,30517.0
KOLTEPATIL,40055.0
KONSTELEC,56285.71428571428
KONTOR,3750.0
KOPRAN,957320.8571428572
KORE,19750.0
KOTAKBANK,22091152.14285714
KOTARISUG,72510.28571428571
KOTHARIPET,69595.85714285714
KOTHARIPRO,15283.0
KOTIC,27706.14285714286
KOTYARK,112775.57142857143
KOVAI,6390.714285714285
KPEL,179471.42857142858
KPIGREEN,1162183.0
KPIL,237639.2857142857
KPITTECH,5490181.571428572
KPL,31021.571428571428
KPRMILL,448252.71428571426
KRBL,486459.4285714286
KREBSBIO,18773.285714285714
KRIDHANINF,29216.285714285714
KRISHANA,1935816.857142857
KRISHCA,28500.0
KRISHIVAL,24322.85714285714
KRISHNADEF,309633.14285714284
KRISHPP,563.0
KRITI,18967.714285714286
KRITIKA,252495.0
KRITINUT,18421.285714285714
KRMAYURVED,66428.57142857143
KRN,198542.42857142858
KRONOX,110113.71428571429
KROSS,333681.28571428574
KRSNAA,70444.0
KRT,2470054.0
KRYSTAL,10500.857142857143
KSB,924834.4285714285
KSCL,145779.85714285713
KSE,15242.666666666666
KSHINTL,226382.2857142857
KSHITIJ-RE,1880269.5
KSHITIJPOL,1084748.0
KSL,87009.28571428571
KSOLVES,29617.0
KSR,69847.71428571429
KTKBANK,3637569.0
KUANTUM,74529.0
KUSUMGAR,377897.2
KWIL,11496725.857142856
LADDERUP,625.0
LAGNAM,8643.57142857143
LAHOTIOV,6011.0
LAKPRE,1598.0
LAKSHMIMIL,22.666666666666668
LAKSHYA,4914.285714285715
LAL,88809.71428571429
LALITHAA,13517504.333333334
LALPATHLAB,368685.28571428574
LAMBODHARA,14155.0
LAMOSAIC,81771.42857142857
LANCER,1184295.3333333333
LANCORHOL,315243.28571428574
LANDMARK,302290.14285714284
LANDSMILL,2405949.8571428573
LAOPALA,140691.14285714287
LARGEMID50,79132.33333333333
LASA,37022.833333333336
LASERPOWER,1559931.8
LATENTVIEW,990314.0
LATTEYS,51225.57142857143
LAURUSLABS,6368527.571428572
LAXMICOT,27055.428571428572
LAXMIDENTL,100911.0
LAXMIINDIA,105467.57142857143
LCCINFOTEC,81135.42857142857
LCCPROJECT,1848088.0
LCL,6520902.0
LEAPIND,5689326.0
LEENEE,27783.333333333332
LEMERITE,571479.0
LEMONTREE,4578493.0
LENSKART,19907377.714285713
LEXUS,74361.28571428571
LFIC,1226.5
LGBBROSLTD,22000.0
LGEINDIA,543605.2857142857
LGHL,28842.428571428572
LIBAS,44747.0
LIBERTSHOE,25519.714285714286
LICHSGFIN,3251348.1428571427
LICI,6010918.857142857
LICMFGOLD,87389.42857142857
LICNETFGSC,49619.857142857145
LICNETFN50,458.0
LICNETFSEN,58.57142857142857
LICNFNHGP,903.0
LICNMID100,33729.857142857145
LIKHITHA,87937.42857142857
LINC,50261.57142857143
LINCOLN,96277.42857142857
LINDEINDIA,44725.142857142855
LIQGRWBEES,42646.28571428572
LIQUID,308816.5714285714
LIQUID1,1391175.142857143
LIQUIDADD,398815.4285714286
LIQUIDBEES,4409107.0
LIQUIDBETA,635.0
LIQUIDBETF,333013.14285714284
LIQUIDCASE,19437939.85714286
LIQUIDETF,128548.0
LIQUIDIETF,572589.7142857143
LIQUIDPLUS,402248.4285714286
LIQUIDSBI,4384.714285714285
LIQUIDSHRI,18238.0
LKPSEC,7342.333333333333
LLOYDS,1800.0
LLOYDSENGG,9332287.57142857
LLOYDSENT,2816427.285714286
LLOYDSME,502627.4285714286
LMW,5849.0
LODHA,3571731.1428571427
LOKESHMACH,73276.57142857143
LORDSCHLO,18011.0
LOTUSCHO,4268.333333333333
LOTUSDEV,1862153.142857143
LOTUSEYE,13715.42857142857
LOVABLE,23378.85714285714
LOWVOL,2005.7142857142858
LOWVOL1,699340.5714285715
LOWVOLIETF,4332063.714285715
LOYALTEX,1083.1666666666667
LPDC,50927.28571428572
LRRPL,6428.571428571428
LT,2165690.0
LTF,6140330.857142857
LTFOODS,1813332.857142857
LTGILTBEES,1542470.857142857
LTGILTCASE,165330.7142857143
LTM,696814.4285714285
LTTS,180888.0
LUMAXIND,28536.85714285714
LUMAXTECH,270163.5714285714
LUMINO,3888707.0
LUPIN,1267264.5714285714
LUXIND,22994.428571428572
LXCHEM,2224178.4285714286
LYKALABS,28724.14285714286
LYPSAGEMS,42318.0
M&M,4851228.428571428
M&MFIN,2703087.8571428573
MAANALU,66962.71428571429
MACOBSTECH,27200.0
MACPOWER,105301.57142857143
MADHAV,2417.285714285714
MADHAVBAUG,13771.42857142857
MADHAVIPL,139628.42857142858
MADHUCON,19589.285714285714
MADHURKNIT,43200.0
MADHUSUDAN,54142.857142857145
MADRASFERT,49601.142857142855
MAFANG,249928.85714285713
MAFATIND,31844.571428571428
MAGADSUGAR,32341.285714285714
MAGNUM,16951.85714285714
MAGSON,84000.0
MAHABANK,12723184.0
MAHAPEXLTD,25148.14285714286
MAHASTEEL,20511.428571428572
MAHEPC,30448.85714285714
MAHESHWARI,26781.285714285714
MAHICKRA,7125.0
MAHKTECH,563201.1428571428
MAHLIFE,169448.85714285713
MAHLOG,181319.14285714287
MAHSCOOTER,6357.571428571428
MAHSEAMLES,514021.0
MAITHANALL,41567.71428571428
MAITREYA,3314.285714285714
MAJESAUT,5370.285714285715
MAKEINDIA,55178.42857142857
MAKERSL,6929.666666666667
MAKS,10500.0
MAL,15680.0
MALLCOM,5422.142857142857
MALUPAPER,17735.571428571428
MAMATA,81540.57142857143
MANAKALUCO,67059.14285714286
MANAKCOAT,225433.14285714287
MANAKSIA,31867.0
MANAKSTEEL,78661.14285714286
MANALIPETC,10833574.714285715
MANAPPURAM,4402457.571428572
MANAV,8000.0
MANBA,90353.42857142857
MANBRO,108765.0
MANCREDIT,437060.0
MANDEEP,24000.0
MANGALAM,28994.285714285714
MANGLMCEM,78380.71428571429
MANIKA,934281.0
MANILAM,25500.0
MANINDS,508680.4285714286
MANINFRA,2227663.5714285714
MANIPALHOS,1944064.0
MANKIND,1093289.2857142857
MANOMAY,147004.85714285713
MANORAMA,207151.42857142858
MANORG,9048.714285714286
MANUFGBEES,9805.57142857143
MANUGRAPH,33295.71428571428
MANYAVAR,250296.14285714287
MAPMYINDIA,333013.71428571426
MARALOVER,11542.285714285714
MARATHON,82191.28571428571
MARC,19500.0
MARCO,9300.0
MARICO,3496074.8571428573
MARINE,1968120.857142857
MARINETRAN,8000.0
MARKOLINES,284118.85714285716
MARKSANS,2532032.0
MARSONS,2026654.7142857143
MARUSHIKA,9600.0
MARUTI,683864.1428571428
MASFIN,464649.0
MASKINVEST,162.14285714285714
MASON,11071.42857142857
MASPTOP50,136134.2857142857
MASTEK,1094002.4285714286
MASTER,1250.0
MASTERTR,203705.85714285713
MATRIMONY,6470.0
MAWANASUG,233276.85714285713
MAXESTATES,194243.85714285713
MAXHEALTH,5546587.857142857
MAXIND,73924.71428571429
MAXPOSURE,19500.0
MAXVOLT,44228.57142857143
MAYASHEEL,8250.0
MAYURUNIQ,170134.0
MAZDA,35825.71428571428
MAZDOCK,1090456.7142857143
MBAPL,744180.7142857143
MBECL,3776.0
MBEL,87110.42857142857
MBLINFRA,49804.28571428572
MCCHRLS-B,207.57142857142858
MCL,60068.71428571428
MCLEODRUSS,340649.0
MCLOUD,6917464.0
MCON,15200.0
MCX,4249313.0
MDL,5000.0
MEDANTA,304389.85714285716
MEDIASSIST,129058.28571428571
MEDICAMEQ,68464.14285714286
MEDICAPQ,772.3333333333334
MEDICO,492003.85714285716
MEDIORG,7600.0
MEDISTEP,12000.0
MEDPLUS,166824.42857142858
MEESHO,14170211.0
MEGAFLEX,1000.0
MEGASTAR,14315.857142857143
MEGATHERM,14742.857142857143
MEIL,37919.0
MENNPIS,57694.42857142857
MENONBE,73596.57142857143
MEP,180157.2857142857
MERCANTILE,3837.5
MERCURYEV,70890.0
METAL,2599256.714285714
METALIC,81920.0
METALIETF,9177082.0
METROBRAND,48239.57142857143
METROGLOBL,1247.0
METROPOLIS,478928.85714285716
MFML,25606.85714285714
MFSL,637748.0
MGEL,705475.2857142857
MGL,786402.2857142857
MGSL,44571.42857142857
MHHL,6000.0
MHLXMIRU,63088.57142857143
MHRIL,300465.85714285716
MICEL,411167.0
MICROPRO,5600.0
MID150,45653.57142857143
MID150BEES,585604.5714285715
MID150CASE,1395781.142857143
MIDBANKADD,14722.333333333334
MIDCAP,494047.85714285716
MIDCAPADD,431112.5714285714
MIDCAPBETA,1911.142857142857
MIDCAPETF,2198448.5714285714
MIDCAPIETF,989783.4285714285
MIDHANI,1110529.4285714286
MIDQ50ADD,25484.0
MIDSELIETF,186831.85714285713
MIDSMALL,345656.4285714286
MIDWESTLTD,23843.571428571428
MIEL,6000.0
MIIL,88997.0
MILKYMIST,9549111.666666666
MILTON,46640.0
MINALIND,60550.666666666664
MINDACORP,574890.4285714285
MINDPOOL,1000.0
MINDSPACE,334389.85714285716
MINDTECK,89035.71428571429
MIRCELECTR,932950.0
MIRZAINT,184723.2857142857
MITCON,6843.428571428572
MITTAL,743881.2857142857
MKEXIM,18351.333333333332
MKPL,127630.57142857143
MLKFOOD,4681.0
MMEL,21200.0
MMFL,76843.71428571429
MMP,85883.28571428571
MMTC,2268757.1428571427
MMWL,244775.7142857143
MNC,92501.14285714286
MOALPHA50,19101.571428571428
MOBANK10,11068.714285714286
MOBIKWIK,771727.0
MOBILISE,18933.333333333332
MOCAPITAL,865045.2857142857
MODEFENCE,1216326.4285714286
MODINATUR,9305.714285714286
MODIRUBBER,2508.5714285714284
MODIS,36591.28571428572
MODISONLTD,309170.4285714286
MODTHREAD,3063.8571428571427
MOENERGY,181324.57142857142
MOGOLD,35084.142857142855
MOGSEC,33514.57142857143
MOHEALTH,67369.57142857143
MOHITE,399252.3333333333
MOHITIND,16131.0
MOIL,6047572.428571428
MOINFRA,7032.285714285715
MOIPO,3979.714285714286
MOKSH,202387.0
MOL,1546549.2857142857
MOLBIO,1756622.3333333333
MOLDTECH,112417.85714285714
MOLDTKPAC,132503.85714285713
MOLOWVOL,20149.714285714286
MOM100,370524.28571428574
MOM30IETF,808900.2857142857
MOM50,8715.857142857143
MOMENTUM,53389.142857142855
MOMENTUM30,28200.85714285714
MOMENTUM50,704006.4285714285
MOMETAL,73636.0
MOMGF,2417.1428571428573
MOMIDMTM,99855.57142857143
MOMMIDCAP,2050700.0
MOMNC,1363.0
MOMOMENTUM,64768.57142857143
MOMSBELIEF,300642.0
MON100,385672.28571428574
MON50EQUAL,6054.714285714285
MONARCH,74336.28571428571
MONEXT50,5428.428571428572
MONEYBOXX,108918.85714285714
MONIFTY100,32190.428571428572
MONIFTY500,497110.14285714284
MONOLITH,59000.0
MONOPHARMA,5714.285714285715
MONQ50,168070.2857142857
MONTECARLO,49978.71428571428
MOOILGAS,10219.333333333334
MOPSE,980.1428571428571
MOQUALITY,4628.142857142857
MORARJEE,5847.0
MOREALTY,1377439.0
MOREPENLAB,24923151.57142857
MOS,457714.28571428574
MOSCHIP,2862066.1428571427
MOSERVICE,2205.8571428571427
MOSILVER,54678.142857142855
MOSMALL250,1121670.142857143
MOTHERSON,26731762.42857143
MOTILALOFS,687793.8571428572
MOTISONS,21097884.85714286
MOTOGENFIN,48178.142857142855
MOTOUR,20223.428571428572
MOVALUE,97476.85714285714
MOXSH,2133.3333333333335
MPDL,2933.0
MPEL,6171.428571428572
MPHASIS,757225.2857142857
MPIMANIPAL,3225179.0
MPSLTD,19108.85714285714
MRF,8234.714285714286
MRIL,18400.0
MRPL,11451985.714285715
MSCI360,9428.57142857143
MSCIADD,3469.1428571428573
MSCIINDIA,21290.0
MSL,97.33333333333333
MSPL,1599308.2857142857
MSTCLTD,546137.1428571428
MSUMI,9350488.857142856
MTARTECH,451788.4285714286
MTEDUCARE,71729.0
MTNL,1141841.142857143
MUFIN,1665081.2857142857
MUFTI,110068.42857142857
MUKANDLTD,279442.4285714286
MUKESHB,964.3333333333334
MUKKA,231390.57142857142
MUKTAARTS,6344.428571428572
MULTICAP,134079.0
MUNISH,37200.0
MUNJALAU,1691473.857142857
MUNJALSHOW,36987.42857142857
MURUDCERA,16690.85714285714
MUTHOOTCAP,15852.714285714286
MUTHOOTFIN,952175.4285714285
MUTHOOTMF,331926.4285714286
MVELECTRO,13021183.666666666
MVGJL,64191.71428571428
MVKAGRO,200657.14285714287
MWL,186485.2857142857
MYMUDRA,61714.28571428572
MYSORPETRO,5072.333333333333
NACLIND,2731369.4285714286
NAGAFERT,682258.0
NAGREEKCAP,5147.285714285715
NAGREEKEXP,19249.714285714286
NAHARCAP,3267.0
NAHARINDUS,19209.0
NAHARPOLY,14825.57142857143
NAHARSPING,21064.14285714286
NAM-INDIA,1745223.4285714286
NAMAN,5600.0
NAMOEWASTE,51885.71428571428
NARMADA,2246279.5714285714
NATCAPSUQ,23455.85714285714
NATCOPHARM,938163.1428571428
NATHBIOGEN,27141.0
NATIONALUM,21765931.14285714
NATIONSTD,21485.571428571428
NAUKRI,2675765.4285714286
NAVA,336564.5714285714
NAVINFLUOR,167999.85714285713
NAVKARCORP,320339.71428571426
NAVKARURB,623846.8571428572
NAVNETEDUL,146488.2857142857
NAZARA,6232137.571428572
NBCC,11056910.857142856
NBIFIN,250.71428571428572
NCC,1554456.7142857143
NCLIND,102939.0
NDGL,139.14285714285714
NDL,1008777.4285714285
NDLVENTURE,18863.714285714286
NDRAUTO,18242.85714285714
NDRINVIT,750000.0
NDTV,262835.0
NEAGI,39.333333333333336
NECCLTD,61702.57142857143
NECLIFE,180162.85714285713
NEELAM,12000.0
NELCAST,218389.7142857143
NELCO,463125.14285714284
NEOCHEM,16285.714285714286
NEOGEN,237257.7142857143
NEPHROCARE,13542.857142857143
NEPHROPLUS,183917.14285714287
NEPTUNE,3785.714285714286
NESCO,62086.28571428572
NESTLEIND,3783747.285714286
NETF,2761.285714285714
NETWEB,3044138.285714286
NETWORK18,6343311.571428572
NEUEON,65914.0
NEULANDLAB,54940.28571428572
NEWGEN,2499530.285714286
NEWJAISA,45214.28571428572
NEXT30ADD,8806.142857142857
NEXT50,42421.71428571428
NEXT50ADD,5001.0
NEXT50BETA,194008.57142857142
NEXT50ETF,18461.85714285714
NEXT50IETF,987718.5714285715
NEXTMEDIA,243484.85714285713
NFL,565412.0
NFPSAMPOOR,22000.0
NGIL,41053.28571428572
NGLFINE,8334.714285714286
NH,288190.28571428574
NHIT,504166.6666666667
NHPC,18188756.0
NIACL,5185996.571428572
NIBE,83763.14285714286
NIBL,27021.14285714286
NICCOPAR,2674.0
NIDAN,4666.666666666667
NIF100BEES,43641.0
NIF100IETF,78068.57142857143
NIF500BETA,3765.6666666666665
NIFTY1,212322.2857142857
NIFTY100EW,91662.14285714286
NIFTYADD,40065.0
NIFTYAXIS,14946.4
NIFTYBEES,6124697.714285715
NIFTYBETA,88234.71428571429
NIFTYBETF,5081.285714285715
NIFTYCASE,1208079.7142857143
NIFTYETF,234673.14285714287
NIFTYIETF,947847.2857142857
NIFTYJBLK,146514.66666666666
NIFTYQLITY,60904.42857142857
NIITLTD,859502.4285714285
NIITMTS,455254.4285714286
NIKITA,21600.0
NILAINFRA,238398.0
NILASPACES,355443.0
NILE,3539.285714285714
NILKAMAL,43430.857142857145
NIMBSPROJ,45343.71428571428
NINSYS,6231.857142857143
NIPPOBATRY,2902.1428571428573
NIRAJ,32119.85714285714
NIRAJISPAT,641.6666666666666
NIRLON,8832.285714285714
NIRMAN,16542.85714285714
NITCO,910103.8571428572
NITINSPIN,123346.57142857143
NITIRAJ,2349.1428571428573
NITTAGELA,8656.57142857143
NIVABUPA,3702203.0
NKIND,677.2857142857143
NLCINDIA,3068879.714285714
NMDC,23530162.85714286
NMSTEEL,4800.0
NOCIL,647441.1428571428
NOIDATOLL,82074.71428571429
NORBTEAEXP,2776.1428571428573
NORTHARC,4740780.142857143
NOVAAGRI,48276.0
NOVARTIND,24538.14285714286
NPBET,581.1428571428571
NPST,75926.85714285714
NRAIL,5444.142857142857
NRBBEARING,788986.8571428572
NRL,139096.7142857143
NRVANDANA,47142.857142857145
NSIL,1605.0
NSLNISP,12918727.0
NTCIND,1326.6666666666667
NTPC,11199896.857142856
NTPCGREEN,3714850.8571428573
NUCLEUS,58066.142857142855
NURECA,20072.0
NUVAMA,378871.0
NUVOCO,952950.4285714285
NV20,47365.71428571428
NV20BEES,21085.85714285714
NV20IETF,367597.4285714286
NXST,314185.0
NXT-INFRA,368750.0
NYKAA,8270328.0
OAL,155455.85714285713
OBCL,6444.0
OBEROIRLTY,653814.8571428572
OBSCP,49257.142857142855
OCCLLTD,77053.14285714286
ODIGMA,24267.14285714286
ODYCORP,68473.33333333333
OFSS,378569.4285714286
OIL,3851069.5714285714
OILCOUNTUB,28502.285714285714
OILIETF,1865435.5714285714
OLAELEC,165046849.85714287
OLECTRA,404426.28571428574
OLIL,23371.428571428572
OMAXAUTO,73363.28571428571
OMAXE,5819976.571428572
OMFREIGHT,68646.28571428571
OMFURN,25200.0
OMINFRAL,75173.57142857143
OMNI,986011.4285714285
OMPOWER,230463.85714285713
ONDOOR,15985.714285714286
ONEGLOBAL,6849.0
ONELIFECAP,63303.42857142857
ONEPOINT,2110627.4285714286
ONESOURCE,236491.0
ONGC,21504417.285714287
ONIDA,420021.0
ONIXSOLAR,365624.0
ONMOBILE,127161.42857142857
ONWARDTEC,47895.42857142857
ONYX,120571.42857142857
OPTIEMUS,241063.42857142858
OPTIFIN,30297.0
OPTIMYSTIX,62400.0
OPTIVALUE,150400.0
ORBTEXP,22712.571428571428
ORCHASP,620741.2857142857
ORCHPHARMA,82631.0
ORIANA,107110.71428571429
ORICONENT,115271.71428571429
ORIENTALTL,79778.0
ORIENTBELL,34243.0
ORIENTCEM,192947.0
ORIENTCER,67759.14285714286
ORIENTELEC,211368.42857142858
ORIENTHOT,585788.2857142857
ORIENTLTD,5695.285714285715
ORIENTPPR,272382.5714285714
ORIENTTECH,215282.85714285713
ORIRAIL,281957.0
ORISSAMINE,8142.142857142857
ORKLAINDIA,100042.57142857143
ORTEL,4538.0
ORTINGLOBE,17898.428571428572
OSELDEVICE,15857.142857142857
OSIAHYPER,739061.4285714285
OSWALAGRO,61706.142857142855
OSWALGREEN,748371.8571428572
OSWALPUMPS,438748.5714285714
OSWALSEEDS,55890.142857142855
OWAIS,12628.57142857143
PACEDIGITK,1495261.2857142857
PACIFICI,548.0
PAGEIND,44773.142857142855
PAISALO,10290646.57142857
PAKKA,60658.142857142855
PALASHSECU,1597.8333333333333
PALREDTEC,5415.714285714285
PANACEABIO,172620.85714285713
PANACHE,13856.714285714286
PANAMAPET,404021.28571428574
PANCHMAHQ,118.0
PANORAMA,587952.0
PANSARI,1601.7142857142858
PAR,52792.42857142857
PARACABLES,2365203.714285714
PARADEEP,7640212.285714285
PARAGMILK,876291.0
PARAGON,15771.42857142857
PARAMATRIX,4000.0
PARAMOUNT,2880.0
PARAS,1685441.5714285714
PARASPETRO,214734.0
PARIN,14397.285714285714
PARKHOSPS,999173.5714285715
PARKHOTELS,178502.7142857143
PARNAXLAB,2719.0
PARSVNATH,614421.8571428572
PARTH,23085.714285714286
PARTY-RE,332.0
PARTYCRUS,6500.0
PASHUPATI,462454.5714285714
PASUPTAC,95843.28571428571
PATANJALI,2672163.1428571427
PATELENG,4141062.285714286
PATELRMART,80900.28571428571
PATILAUTOM,55371.42857142857
PATINTLOG,96229.42857142857
PAUSHAKLTD,117613.14285714286
PAVNAIND,59589.142857142855
PAYTM,2508154.1428571427
PBMPOLY,1623.3333333333333
PCBL,3959668.0
PCCL,19714.285714285714
PCJEWELLER,226448742.2857143
PDMJEPAPER,291169.71428571426
PDSL,221456.7142857143
PEARLPOLY,8661.42857142857
PELATRO,9900.0
PENIND,608565.5714285715
PENINLAND,129339.0
PENTAGON,8800.0
PERFECT,11000.0
PERMAGN,3066.0
PERNIASPOP,97340.0
PERSISTENT,1178990.7142857143
PETRONET,3057485.0
PFC,10154498.714285715
PFIZER,23643.85714285714
PFOCUS,985361.1428571428
PFS,834076.4285714285
PGEL,2597844.5714285714
PGHH,34302.42857142857
PGHL,23429.571428571428
PGIL,91657.0
PGINVIT,1568949.2857142857
PHANTOMFX,18514.285714285714
PHARMABEES,5730664.857142857
PHOENIXLTD,714580.2857142857
PHOENXINTL,2725.0
PHOGLOBAL,19666.666666666668
PICCADIL,125475.57142857143
PIDILITIND,1536138.0
PIGL,43366.28571428572
PIIND,377556.14285714284
PILANIINVS,2786.1428571428573
PILITA,139629.14285714287
PINELABS,25562702.714285713
PIONEEREMB,43932.42857142857
PIONRINV,2255.285714285714
PIRAMALFIN,381945.71428571426
PITTIENG,52649.71428571428
PIXTRANS,30881.285714285714
PKTEA,2865.5714285714284
PLADAINFO,10500.0
PLASTIBLEN,24444.571428571428
PLATIND,75019.57142857143
PLAZACABLE,47968.71428571428
PML,464.7142857142857
PNB,15325127.42857143
PNBGILTS,1043126.4285714285
PNBHOUSING,1117900.4285714286
PNC,10768.42857142857
PNCINFRA,574124.4285714285
PNGJL,584920.7142857143
PNGSREVA,220598.2857142857
POCL,450166.0
PODDARMENT,2374.8571428571427
POEL,30609.333333333332
POKARNA,64896.142857142855
POLICYBZR,2412223.5714285714
POLYCAB,390458.71428571426
POLYMED,188109.85714285713
POLYPLEX,72482.57142857143
POLYSIL,85785.71428571429
POLYSPIN,844.6666666666666
PONNIERODE,23169.714285714286
POOJALOGIS,1658400.0
POONAWALLA,1340379.857142857
POSITRON,7071.428571428572
POWERGRID,18790885.285714287
POWERICA,228792.0
POWERINDIA,141620.85714285713
POWERMECH,104341.57142857143
PPAP,13114.857142857143
PPL,417338.28571428574
PPLPHARMA,6541915.0
PPSL,195000.0
PRABHA,55599.0
PRADPME,16657.571428571428
PRAENG,60179.28571428572
PRAJIND,821835.7142857143
PRAKASH,344372.4285714286
PRAKASHSTL,141444.42857142858
PRAMARA,19214.285714285714
PRAMODINI,55200.0
PRANAV,2087332.0
PRANIK,5120.0
PRASOLCHEM,2133289.0
PRATHAM,6514.285714285715
PRAVEG,38414.28571428572
PRAXIS,151030.2857142857
PRECAM,206834.7142857143
PRECISION,8000.0
PRECOT,4874.142857142857
PRECWIRE,1900379.0
PREMCO,614.2857142857143
PREMEXPLN,533778.7142857143
PREMIER,12216.0
PREMIERENE,2005761.4285714286
PREMIERPOL,271803.5714285714
PREMIUM,15857.142857142857
PRESSTONIC,37714.28571428572
PRESTIGE,824033.4285714285
PRICOLLTD,1096459.142857143
PRIMECAB,35200.0
PRIMESECU,15380.714285714286
PRIMO,391349.14285714284
PRINCEPIPE,154034.0
PRIORITY,517501.0
PRISMX,165873.66666666666
PRITI,5753.571428571428
PRITIKA,11000.0
PRITIKAUTO,159452.7142857143
PRIVISCL,121499.28571428571
PRIZOR,12114.285714285714
PRLIND,34666.666666666664
PROFX,4400.0
PROLIFE,833.3333333333334
PROPEQUITY,1680.0
PROPSHOP,124000.0
PROSTARM,167527.42857142858
PROTEAN,266165.28571428574
PROV,360.0
PROZONER,696879.1428571428
PRSMJOHNSN,801205.8571428572
PRUDENT,39077.0
PRUDMOULI,9365.42857142857
PSB,1280306.7142857143
PSFL,12333.333333333334
PSPPROJECT,172041.7142857143
PSRAJ,21500.0
PSUBANK,96715.71428571429
PSUBANKADD,30611.14285714286
PSUBNKBEES,1520446.4285714286
PSUBNKIETF,105664.0
PTC,2388416.0
PTCIL,35035.857142857145
PTL,33195.0
PULZ,10400.0
PUNJABCHEM,58586.57142857143
PURPLEUTED,16250.0
PURVA,103769.14285714286
PURVFLEXI,10000.0
PUSHPA,53428.57142857143
PVP,1733537.5714285714
PVRINOX,304860.28571428574
PVSL,37281.857142857145
PVTBANIETF,1782473.142857143
PVTBANK,105411.8
PVTBANKADD,179213.14285714287
PVTBKGROWW,27358.714285714286
PWL,11354623.714285715
PYRAMID,38619.57142857143
QFIL,1500.0
QGOLDHALF,143102.14285714287
QLINE,652400.0
QMSMEDI,36799.142857142855
QNIFTY,2811.0
QPOWER,264931.4285714286
QUADFUTURE,462930.85714285716
QUADPRO,24000.0
QUAL30IETF,188456.42857142858
QUALIANCE,48000.0
QUALITY30,16265.714285714286
QUESS,3713289.5714285714
QUESTLAB,63400.0
QUICKHEAL,111974.57142857143
QUICKTOUCH,4083.3333333333335
QUINT,4090.8571428571427
QUINTEGRA,9669.0
QVCEL,7314.285714285715
RACE,9359.0
RACLGEAR,31752.714285714286
RADAAN,34772.71428571428
RADHIKAJWE,1104072.7142857143
RADIANTCMS,164590.2857142857
RADICO,486859.0
RADIOCITY,47949.857142857145
RADIOWALLA,7733.333333333333
RAILTEL,1501077.7142857143
RAIN,4879676.428571428
RAINBOW,156390.2857142857
RAJESHEXPO,396600.71428571426
RAJINDLTD,3900.0
RAJMET,242687.2857142857
RAJOOENG,241402.42857142858
RAJPALAYAM,2133.0
RAJPUTANA,6916.666666666667
RAJRATAN,71152.71428571429
RAJRILTD,21539.14285714286
RAJSREESUG,62570.57142857143
RAJTV,125167.0
RALLIS,843879.7142857143
RAMANEWS,13518.0
RAMAPHO,23295.571428571428
RAMASTEEL,2766169.4285714286
RAMBHAJO,1183927.2
RAMCOCEM,278735.0
RAMCOIND,332771.71428571426
RAMCOSYS,2040891.7142857143
RAMKY,83996.85714285714
RAMRAT,506615.85714285716
RANASUG,484317.71428571426
RANEHOLDIN,13726.42857142857
RAPIDFLEET,10500.0
RAPPID,45600.0
RATEGAIN,491265.5714285714
RATNAMANI,58507.857142857145
RATNAVEER,3970491.714285714
RAYMOND,536680.8571428572
RAYMONDLSL,331322.4285714286
RAYMONDREL,307455.5714285714
RBA,4002145.714285714
RBLBANK,5523136.285714285
RBMINFRA,28114.285714285714
RBS,15542.857142857143
RBZJEWEL,143950.2857142857
RCDL,111000.0
RCDL-RE,243000.0
RCF,2002145.5714285714
RCOM,2495901.8571428573
READYMIX,35571.42857142857
RECLTD,6775748.857142857
REDINGTON,16024303.285714285
REDTAPE,937552.1428571428
REFEX,1072799.7142857143
REFRACTORY,4666.666666666667
REGAAL,177793.0
REGENCERAM,5899.142857142857
RELAXO,2697580.1428571427
RELCHEMQ,2684.0
RELIABLE,32921.142857142855
RELIANCE,19598730.14285714
RELIGARE,1840009.4285714286
RELINFRA,372178.3333333333
RELTD,388755.71428571426
REMSONSIND,507059.0
REMUS,4200.0
RENTOMOJO,2511330.0
RENUKA,16534487.57142857
REPCOHOME,84129.85714285714
REPL,3595.8571428571427
REPRO,24876.14285714286
RESPONIND,155704.7142857143
RETAIL,8846.142857142857
REXPRO,5000.0
RFBL,15000.0
RGL,935183.7142857143
RHETAN,11045628.714285715
RHFL,484355.0
RHIM,350348.5714285714
RHL,2749.4285714285716
RICHA,8333.333333333334
RICOAUTO,1494510.142857143
RIIL,48211.42857142857
RIIT,545838.0
RILINFRA,20028.571428571428
RIR,609442.0
RISHABH,139645.0
RITCO,105282.85714285714
RITES,7596344.428571428
RITEZONE,4160.0
RKDL,9805.0
RKEC,54637.142857142855
RKFORGE,1019484.7142857143
RKSWAMY,42376.57142857143
RMC,36722.57142857143
RMDRIP,662370.7142857143
RML,46470.42857142857
RNBDENIMS,243549.57142857142
RNFI,78942.85714285714
RNPL,9771.42857142857
ROCKINGDCE,2964.285714285714
ROCKPP,7250.0
ROHLTD,25061.14285714286
ROLEXRINGS,1191138.2857142857
ROLLT,346210.14285714284
ROML,3901.8571428571427
ROSSARI,52741.142857142855
ROSSELLIND,76636.28571428571
ROSSTECH,194385.14285714287
ROTO,658845.0
ROUTE,180603.0
ROXHITECH,43428.57142857143
ROYALARC,4200.0
RPEL,90896.85714285714
RPGLIFE,19816.0
RPOWER,23257577.285714287
RPPINFRA,76092.28571428571
RPPL,97115.42857142857
RPSGVENT,28013.14285714286
RPTECH,840451.4285714285
RRECL,523.6666666666666
RRIL,34479.57142857143
RRKABEL,935115.2857142857
RSDFIN,29129.0
RSL,553909.7142857143
RSSOFTWARE,38586.142857142855
RSWM,28808.14285714286
RSYSTEMS,2056468.857142857
RTL,65500.0
RTNINDIA,1989312.5714285714
RTNPOWER,32352643.42857143
RTSPOWR,11630.333333333334
RUBFILA,34829.71428571428
RUBICON,231210.85714285713
RUBYMILLS,15809.57142857143
RUCHINFRA,55482.42857142857
RUCHIRA,28621.428571428572
RUDRA,108974.85714285714
RULKA,8657.142857142857
RUPA,111586.28571428571
RUSHIL,379493.85714285716
RUSTOMJEE,185118.42857142858
RVHL,22392.0
RVNL,14119223.42857143
RVTH,706.1428571428571
S&SPOWER,3720.4285714285716
SAAKSHI,39942.857142857145
SAATVIKGL,49458.0
SAB,47.0
SABAR,28000.0
SABEVENTS,4834.0
SACHEEROME,28242.85714285714
SADBHAV,446490.71428571426
SADBHIN,304634.5714285714
SADHAV,17828.571428571428
SADHNANIQ,1198803.5714285714
SAFARI,58574.71428571428
SAFEENTP,54000.0
SAGARDEEP,6021.428571428572
SAGCEM,40834.28571428572
SAGILITY,37757279.14285714
SAHAJSOLAR,9600.0
SAHANA,22025.0
SAHASRA,35028.57142857143
SAHLIBHFI,25455.571428571428
SAHYADRI,10033.714285714286
SAICAPI,241.66666666666666
SAIFL,340571.4285714286
SAIL,21171520.85714286
SAILIFE,463414.5714285714
SAIPARENT,191879.7142857143
SAJHOTELS,19333.333333333332
SAKAR,105360.0
SAKHTISUG,202173.0
SAKSOFT,18566559.57142857
SAKUMA,1032481.4285714285
SALASAR,8116959.714285715
SALONA,556.0
SALSTEEL,337418.85714285716
SALZERELEC,40701.0
SAMAY,8000.0
SAMBANDAM,656.0
SAMBHAAV,58210.142857142855
SAMBHV,1999967.4285714286
SAMHI,864366.1428571428
SAMMAANCAP,16629125.285714285
SAMPANN,17494.14285714286
SANATHAN,35104.42857142857
SANCO,4697.0
SANDESH,1123.2857142857142
SANDHAR,480684.4285714286
SANDUMA,1240877.4285714286
SANGAMIND,31422.0
SANGANI,7500.0
SANGHVIMOV,582523.8571428572
SANGINITA,541017.8333333334
SANOFI,36947.42857142857
SANOFICONR,8144.714285714285
SANSERA,205477.7142857143
SANSTAR,534178.8571428572
SANWARIA,824498.1428571428
SAPPHIRE,1352254.7142857143
SAPPL,1768.4285714285713
SARDAEN,333212.28571428574
SAREGAMA,575708.0
SARLAPOLY,43836.857142857145
SAROJA,2800.0
SARTELE,124071.42857142857
SARVESHWAR,1064618.2857142857
SASKEN,61322.142857142855
SATECH,11428.57142857143
SATIA,120686.71428571429
SATIN,746674.7142857143
SATIPOLY,3500.0
SATKARTAR,37371.42857142857
SATTVAENGG,60342.857142857145
SAURASHCEM,289744.85714285716
SAVY,16400.0
SAWALIYA,41657.142857142855
SAYAJIHOTL,299.3333333333333
SAYAJIIND,2376.3333333333335
SBC,13275513.42857143
SBCL,345903.85714285716
SBFC,1539457.7142857143
SBGLP,30470.714285714286
SBIBPB,241079.7142857143
SBICARD,5227361.285714285
SBIETFCON,4437.0
SBIETFIT,22375.285714285714
SBIETFPB,28356.714285714286
SBIETFQLTY,4004.1428571428573
SBIFUNDS,3527865.2
SBILIFE,1348310.2857142857
SBILIQETF,83824.42857142857
SBIMIDMOM,46903.857142857145
SBIN,9905946.857142856
SBINEQWETF,117798.71428571429
SBINMID150,44718.28571428572
SBISILVER,1144108.4285714286
SBISMLETF,63103.71428571428
SBIVALETF,23962.85714285714
SCANSTL,309720.4285714286
SCHAEFFLER,83170.14285714286
SCHAND,31967.428571428572
SCHNEIDER,436637.0
SCI,2972172.5714285714
SCILAL,182422.57142857142
SCML,29857.14285714286
SCODATUBES,365110.14285714284
SCPL,88729.42857142857
SDBL,625575.2857142857
SDREAMS,5166.666666666667
SEAMECLTD,66685.14285714286
SECLEDBETA,12408.0
SECMARK,27406.0
SECURKLOUD,14180.142857142857
SEDEMAC,225869.85714285713
SEIL,313801.71428571426
SEITINVIT,200000.0
SEJALLTD,6447.714285714285
SEKURITIND,19804.666666666668
SEL,3028.5714285714284
SELECTIPO,39421.142857142855
SELLOWRAP,2800.0
SELMC,7319.0
SEMAC,1473.7142857142858
SENCO,743279.8571428572
SENORES,200240.14285714287
SENSEXADD,2325.0
SENSEXAXIS,3502.2
SENSEXBETA,4022.4285714285716
SENSEXETF,24108.285714285714
SENSEXIETF,11421.285714285714
SEPC,29201561.714285713
SERVICE,34666.666666666664
SERVOTECH,2021165.4285714286
SESHAPAPER,73000.42857142857
SETCO,63937.57142857143
SETF10GILT,3128.0
SETFGOLD,4637836.571428572
SETFNIF50,888938.5714285715
SETFNIFBK,59147.28571428572
SETFNN50,34913.42857142857
SETL,930700.2857142857
SETUINFRA,96648.0
SEYAIND,7537.0
SFL,145174.0
SFML,4000.0
SGBAPR28I,152.42857142857142
SGBAUG27,67.33333333333333
SGBAUG28V,840.7142857142857
SGBAUG29V,101.0
SGBAUG30,190.28571428571428
SGBD29VIII,146.28571428571428
SGBDC27VII,21.285714285714285
SGBDE30III,261.57142857142856
SGBDE31III,1370.7142857142858
SGBDEC26,21.25
SGBFEB27,27.5
SGBFEB28IX,12.0
SGBFEB29XI,62.285714285714285
SGBFEB32IV,1805.5714285714287
SGBJ28VIII,19.666666666666668
SGBJAN27,19.6
SGBJAN29IX,385.7142857142857
SGBJAN29X,101.57142857142857
SGBJAN30IX,83.42857142857143
SGBJU29III,140.85714285714286
SGBJUL27,9.4
SGBJUL28IV,293.42857142857144
SGBJUL29IV,190.42857142857142
SGBJUN27,13.2
SGBJUN28,205.28571428571428
SGBJUN29II,143.57142857142858
SGBJUN30,137.0
SGBJUN31I,581.8571428571429
SGBMAR28X,23.285714285714285
SGBMAR30X,68.42857142857143
SGBMAR31IV,137.71428571428572
SGBMAY28,225.28571428571428
SGBMAY29I,934.4285714285714
SGBMR29XII,313.42857142857144
SGBN28VIII,118.14285714285714
SGBNOV26,14.6
SGBNV29VII,174.0
SGBOC28VII,173.14285714285714
SGBOCT26,21.6
SGBOCT27,33.666666666666664
SGBOCT27VI,13.8
SGBSEP27,43.666666666666664
SGBSEP28VI,157.42857142857142
SGBSEP29VI,282.14285714285717
SGBSEP31II,1036.5714285714287
SGFIN,215569.0
SGIL,13939.857142857143
SGL,32800.71428571428
SGLRES,73876.33333333333
SGMART,359479.85714285716
SGRL,54344.666666666664
SHADOWFAX,13960249.857142856
SHAH,5905358.857142857
SHAHALLOYS,379014.71428571426
SHAILY,246719.42857142858
SHAKTIPUMP,528181.5714285715
SHALBY,119184.71428571429
SHALPAINTS,105018.71428571429
SHANKARA,259706.0
SHANKESH,4037965.3333333335
SHANTHALA,4400.0
SHANTI,51054.71428571428
SHANTIGEAR,79767.14285714286
SHANTIGOLD,1596363.0
SHANTIINOR,80000.0
SHARDACROP,169197.42857142858
SHARDAMOTR,163159.85714285713
SHARDUL,8799.857142857143
SHAREINDIA,466630.14285714284
SHARIABEES,9679.0
SHBAJRG,6295.571428571428
SHEEL,16800.0
SHEETAL,8642.857142857143
SHEKHAWATI,19638.85714285714
SHEMAROO,8764.142857142857
SHERA,55714.28571428572
SHERVANI,111.0
SHETHJI,48571.42857142857
SHIGAN,18000.0
SHILCTECH,17140.14285714286
SHILGRAVQ,6084.666666666667
SHILPAMED,1326526.5714285714
SHINDL,131780.57142857142
SHIPROCKET,23473891.333333332
SHIVAAGRO,2751.0
SHIVACEM,275448.6666666667
SHIVALIK,88163.14285714286
SHIVAMAUTO,70527.28571428571
SHIVAMILLS,781.0
SHIVASHRIT,35142.857142857145
SHIVATEX,18134.571428571428
SHIVAUM,19862.285714285714
SHK,930203.1428571428
SHKSIL,5333.333333333333
SHOPERSTOP,27253.0
SHRADDHA,22613.0
SHRADHA,11030.857142857143
SHREDIGCEM,111849.85714285714
SHREECEM,43067.0
SHREEDHAR,37600.0
SHREEJISPG,864802.7142857143
SHREEKARNI,6000.0
SHREEOSFM,10142.857142857143
SHREEPUSHK,72888.85714285714
SHREERAMA,55405.142857142855
SHREMINVIT,41666.666666666664
SHRENIK,379905.5714285714
SHREYANIND,6450.285714285715
SHRIAHIMSA,17657.14285714286
SHRIKANHA,16800.0
SHRIKRISH,1492.142857142857
SHRINGARMS,682185.1428571428
SHRIPISTON,77848.0
SHRIRAMFIN,5975889.571428572
SHRIRAMPPS,639079.8571428572
SHRITECH,8400.0
SHRJAGP,2332.3333333333335
SHUBHLAXMI,12000.0
SHUBHSHREE,5640.0
SHUKRAPHAR,2854585.3333333335
SHYAMCENT,92364.71428571429
SHYAMDHANI,19428.571428571428
SHYAMMETL,794849.1428571428
SHYAMTEL,3735.714285714286
SICAGEN,25853.14285714286
SICALLOG,68909.83333333333
SIDDHICOTS,8200.0
SIDDHIKA,6500.0
SIEL,2707.3333333333335
SIEMENS,541536.1428571428
SIGACHI,1436754.857142857
SIGIND,25410.14285714286
SIGMA,1344927.2857142857
SIGMAADV,561913.5714285715
SIGNATURE,303696.0
SIGNORIA,3250.0
SIGNPOST,1510184.0
SIKA,31030.714285714286
SIKKO,579331.2857142857
SIL,41294.71428571428
SILGO,146690.85714285713
SILINV,2317.0
SILKFLEX,20571.428571428572
SILKY,7314.285714285715
SILLYMONKS,13580.0
SILVER,916798.0
SILVER001,72609.66666666667
SILVER1,5639073.0
SILVER360,16963.285714285714
SILVERADD,1326699.4285714286
SILVERAG,256411.14285714287
SILVERAXIS,466725.2
SILVERBEES,21977471.14285714
SILVERBETA,572279.0
SILVERBND,25924.571428571428
SILVERCASE,9539155.285714285
SILVERIETF,4178037.0
SILVERTUC,816161.8571428572
SIMBHALS,17293.666666666668
SIMCA,54428.57142857143
SIMPLEXINF,198096.57142857142
SIMPLXREA,31.666666666666668
SINCLAIR,28453.14285714286
SINDHUTRAD,1040571.8571428572
SINGERIND,58453.142857142855
SINTERCOM,27858.14285714286
SIRCA,351031.5714285714
SIS,237618.0
SITINET,633115.0
SIYSIL,40459.142857142855
SJLOGISTIC,48821.42857142857
SJS,103845.14285714286
SJVN,4129283.8571428573
SKFINDIA,45872.42857142857
SKFINDUS,77341.28571428571
SKIL,52463.0
SKIPPER,962799.1428571428
SKMEGGPROD,758356.5714285715
SKP,9642.857142857143
SKYGOLD,1523642.4285714286
SKYTECH,10666.666666666666
SKYWAYS,2306221.0
SLONE,3840.0
SMALL250,373590.71428571426
SMALLADD,143826.2857142857
SMALLCAP,1593043.857142857
SMALLGROWW,15042.166666666666
SMALLIETF,55149.666666666664
SMARTEN,27600.0
SMARTLINK,6412.571428571428
SMARTWORKS,82819.28571428571
SMCGLOBAL,1572261.2857142857
SML100CASE,1560136.857142857
SMLMAH,503077.0
SMLT,6055.714285714285
SMSPHARMA,1361179.7142857143
SMVD,4040.0
SNEHAA,10333.333333333334
SNOWMAN,194230.42857142858
SNXT30BEES,7895.857142857143
SNXT50BETA,2706.0
SOBHA,117133.28571428571
SOCL,5714.285714285715
SOFTTECH,10143.142857142857
SOLARA,173736.42857142858
SOLARINDS,214967.42857142858
SOLARWORLD,202421.14285714287
SOLEX,44558.0
SOMANYCERA,153176.14285714287
SOMATEX,12639.714285714286
SOMICONVEY,11498.42857142857
SONA,197715.0
SONACOMS,2942324.4285714286
SONAL,182.16666666666666
SONAMAC,6285.714285714285
SONAMLTD,380864.71428571426
SONATSOFTW,1574117.0
SONUINFRA,14142.857142857143
SOTAC,2400.0
SOTL,506698.71428571426
SOUTHBANK,10748699.285714285
SOUTHWEST,179178.57142857142
SPAL,353817.85714285716
SPANDANA,205277.0
SPARC,1974009.5714285714
SPCENET,711322.1428571428
SPCL,18600.0
SPCON,1680.0
SPEB,7000.0
SPECIALITY,27182.0
SPECTRAA,207600.0
SPECTRUM,17960.714285714286
SPECTSTM,28800.0
SPELS,41767.5
SPENCERS,33776.142857142855
SPIC,268397.85714285716
SPLIL,6309.714285714285
SPLPETRO,300074.14285714284
SPMLINFRA,275225.5714285714
SPORTKING,413359.71428571426
SPPPOLY,4285.714285714285
SPRL,12200.0
SPUNWEB,9942.857142857143
SRD,22353.714285714286
SREEL,13949.857142857143
SRF,621081.1428571428
SRGHFL,6102.142857142857
SRHHYPOLTD,12192.57142857143
SRIKPRIND,3548.6666666666665
SRIVASAVI,3833.3333333333335
SRM,160735.14285714287
SRTL,39051.57142857143
SSDL,54334.42857142857
SSEGL,49257.142857142855
SSFL,15000.0
SSFLPP,27111.5
SSRETAIL,13357301.0
SSWL,822765.8571428572
STALLION,1401132.857142857
STANLEY,155871.2857142857
STAR,552843.4285714285
STARCEMENT,568485.2857142857
STARHEALTH,748215.1428571428
STARPAPER,13084.714285714286
STARTECK,5489.0
STCINDIA,50808.57142857143
STEAMHOUSE,3547240.0
STEELCAS,117519.0
STEELCITY,5536.0
STEELXIND,5267670.428571428
STEL,8407.57142857143
STERTOOLS,25069.714285714286
STLNETWORK,5399954.857142857
STLSTRINF,3251.6666666666665
STLTECH,1619305.4285714286
STOVEKRAFT,236876.85714285713
STRIDERS,16000.0
STUDDS,38584.71428571428
STUDIOLSD,14571.42857142857
STYL,128964.28571428571
STYLAMIND,24052.428571428572
STYLEBAAZA,947952.5714285715
STYRENIX,30253.714285714286
SUBAHOTELS,47828.57142857143
SUBEXLTD,2894192.1428571427
SUBROS,101623.28571428571
SUDARCOLOR,7674.571428571428
SUDARSCHEM,334876.5714285714
SUDEEPPHRM,302645.5714285714
SUKHJITS,23456.428571428572
SULA,373031.4285714286
SUMAX,52800.0
SUMEDHA,5081.666666666667
SUMEET-RE,5343344.0
SUMEETINDS,1719966.857142857
SUMICHEM,475976.14285714284
SUMIT,23643.14285714286
SUMMITSEC,1991.2857142857142
SUN-RE,33600.0
SUNCLAY,8718.0
SUNDARAM,593099.8571428572
SUNDARMFIN,146125.85714285713
SUNDRMBRAK,2444.8571428571427
SUNDRMFAST,116958.14285714286
SUNDROP,9934.42857142857
SUNFLAG,222367.85714285713
SUNLITE,31928.571428571428
SUNLOC,2061.3333333333335
SUNPHARMA,3649359.5714285714
SUNRAKSHAK,6970.333333333333
SUNREST,3600.0
SUNSHIEL,7089.0
SUNSHINE,6468905.666666667
SUNTECH,38171.42857142857
SUNTECK,401456.71428571426
SUNTV,5418779.571428572
SUPERHOUSE,3346.0
SUPERSPIN,48174.57142857143
SUPRAJIT,92630.85714285714
SUPREME,59838.0
SUPREMEENG,169682.7142857143
SUPREMEIND,295031.0
SUPREMEINF,183267.14285714287
SUPREMEPWR,33428.57142857143
SUPRIYA,1127544.0
SUPTANERY,215891.33333333334
SURAJEST,108896.14285714286
SURAJLTD,1275.4285714285713
SURAKSHA,72839.14285714286
SURANASOL,55616.857142857145
SURANAT&P,57156.0
SURANI,1933.3333333333333
SURYALA,6715.0
SURYALAXMI,8514.142857142857
SURYAROSNI,734899.1428571428
SURYODAY,589054.1428571428
SUTLEJTEX,28769.285714285714
SUVEN,919149.5714285715
SUVIDHAA,125665.0
SUYOG,41594.42857142857
SUZLON,92309348.42857143
SVGLOBAL,701.0
SVLL,2810.5714285714284
SVPGLOB,37010.71428571428
SWANCORP,859994.5714285715
SWANDEF,25196.0
SWARAJ,84949.28571428571
SWARAJENG,12456.0
SWARNSAR,7532.666666666667
SWASTIK,2640.0
SWASTIKAIN,3274663.0
SWELECTES,37215.42857142857
SWIGGY,22538502.42857143
SWISSMLTRY,99186.66666666667
SWSOLAR,2573390.4285714286
SYLVANPLY,6400.0
SYMBIOTEC,2016189.0
SYMPHONY,54316.857142857145
SYNCOMF,25728251.57142857
SYNGENE,2975871.285714286
SYNOPTICS,1500.0
SYRMA,2896231.1428571427
SYSTANGO,28742.85714285714
SYSTMTXC,13139.285714285714
TAALTECH,6797.428571428572
TAC,61371.42857142857
TAINWALCHM,3618.714285714286
TAJGVK,283769.4285714286
TAKE,459058.85714285716
TALBROAUTO,199860.85714285713
TAMBOLIIN,10127.57142857143
TANAA,19795.333333333332
TANKUP,6583.333333333333
TANLA,591211.0
TAPIFRUIT,1125.0
TARACHAND,77249.14285714286
TARAPUR,28450.428571428572
TARC,359354.14285714284
TARIL,4448502.142857143
TARMAT,24245.571428571428
TARSONS,148469.0
TASTYBITE,2474.714285714286
TATACAP,1617101.5714285714
TATACHEM,654870.2857142857
TATACOMM,396870.28571428574
TATACONSUM,3256017.714285714
TATAELXSI,319859.85714285716
TATAGOLD,45393901.428571425
TATAINVEST,285755.0
TATAPOWER,4739859.714285715
TATASTEEL,36818279.428571425
TATATECH,1510488.2857142857
TATSILV,44165195.85714286
TATVA,75236.71428571429
TAURIAN,29142.85714285714
TBI,32571.428571428572
TBOTEK,493371.71428571426
TBZ,1847328.4285714286
TCC,442342.5714285714
TCI,90082.85714285714
TCIEXP,149994.7142857143
TCIFINANCE,10962.714285714286
TCL,44914.28571428572
TCPLPACK,5251.285714285715
TCS,6148799.714285715
TDPOWERSYS,2347202.1428571427
TEAMGTY,5162.0
TEAMLEASE,37042.0
TEAMTECH,59142.857142857145
TECH,94110.0
TECHD,11657.142857142857
TECHERA,107542.85714285714
TECHLABS,14392.857142857143
TECHM,3297823.1428571427
TECHNOCRAF,1249014.0
TECHNOE,309362.28571428574
TECHNVISN,471.57142857142856
TECILCHEM,16118.142857142857
TEGA,650276.0
TEJA,9240.0
TEJASCARGO,2240.0
TEJASNET,10784457.714285715
TEMBO,514659.28571428574
TEMPSENS,20015455.0
TENNIND,1025404.5714285715
TERAI,157.0
TERASOFT,19096.0
TEXINFRA,165810.14285714287
TEXMOPIPES,55139.71428571428
TEXRAIL,4268613.571428572
TFCILTD,11732584.285714285
TFL,7484.0
TGBHOTELS,36364.57142857143
TGL,36571.42857142857
TGVSL,212870.0
THACKER,95.0
THAKDEV,153.0
THANGAMAYL,323853.71428571426
THEINVEST,23381.428571428572
THEJO,25241.571428571428
THELEELA,918465.0
THEMISMED,163244.14285714287
THERMAX,927452.7142857143
THESL,15000.0
THOMASCOOK,2398049.4285714286
THOMASCOTT,69346.57142857143
THYROCARE,419359.5714285714
TI,884219.7142857143
TICL,910352.2857142857
TIGERLOGS,77051.71428571429
TIIL,28614.14285714286
TIINDIA,478842.5714285714
TIJARIA,120921.42857142857
TIL,1612818.4285714286
TILPP,7690.0
TIMESCAN,15333.333333333334
TIMETECHNO,3497425.1428571427
TIMEX,804870.2857142857
TIMKEN,52565.0
TINNARUBR,66156.57142857143
TIPSFILMS,16311.0
TIPSMUSIC,199578.14285714287
TIRUMALCHM,1156591.2857142857
TIRUPATI,3687.5
TIRUPATIFL,1217463.142857143
TITAGARH,485835.28571428574
TITAN,1018731.0
TMB,333887.5714285714
TMCV,12517466.285714285
TMPV,12972059.285714285
TNIDETF,119312.0
TNPETRO,3378420.4285714286
TNPL,97620.0
TNTELE,48473.71428571428
TOKYOPLAST,878.8571428571429
TOLINS,86440.28571428571
TOP100CASE,730320.8571428572
TOP10ADD,336852.14285714284
TOP15IETF,197030.2857142857
TOP20,52673.857142857145
TORNTPHARM,988573.0
TORNTPOWER,525348.4285714285
TOTAL,8303.285714285714
TOUCHWOOD,1688.0
TOYAMSL,934077.3333333334
TPHQ,1309904.5714285714
TPLPLASTEH,455714.5714285714
TRACXN,114733.42857142857
TRANSCOR,6202.0
TRANSPEK,46914.857142857145
TRANSRAILL,1483716.0
TRANSTEEL,382571.4285714286
TRANSWORLD,7384.142857142857
TRAVELFOOD,34488.857142857145
TREEHOUSE,15404.57142857143
TREJHARA,16876.0
TREL,112513.57142857143
TRENT,905982.1428571428
TRF,14271.285714285714
TRIDENT,3362828.0
TRIDHYA,5400.0
TRIGYN,54343.0
TRITONV,1816.0
TRITURBINE,1355288.5714285714
TRIVENI,635272.2857142857
TROM,7200.0
TRU,150474.42857142858
TRUALT,311070.0
TRUST,23742.85714285714
TSC,8857.142857142857
TSFINV,92575.57142857143
TTKHLTCARE,38893.71428571428
TTKPRESTIG,197432.2857142857
TTL,293119.4285714286
TTML,9782944.857142856
TUNWAL,92000.0
TURTLEMINT,1663283.1666666667
TUTIALKA,7563.666666666667
TVSELECT,444945.5714285714
TVSHLTD,8362.857142857143
TVSMOTOR,2038162.2857142857
TVSSCS,440892.71428571426
TVSSRICHAK,19246.85714285714
TVTODAY,74205.57142857143
TVVISION,26428.85714285714
TWCGOLDETF,16174.0
UBL,138016.7142857143
UCAL,27280.85714285714
UCL,46000.0
UCOBANK,4266153.285714285
UDAYJEW,5286.333333333333
UDS,299835.14285714284
UEL,44018.57142857143
UFBL,119083.42857142857
UFLEX,127748.14285714286
UFO,41405.42857142857
UGARSUGAR,389332.4285714286
UGROCAP,133891.7142857143
UHTL,72000.0
UJJIVANSFB,15330580.42857143
ULTRACEMCO,523561.5714285714
ULTRAMAR,281921.4285714286
UMA,15333.333333333334
UMAEXPORTS,13728.42857142857
UMESLTD,29378.0
UMIYA-MRO,24388.85714285714
UNICHEMLAB,156903.0
UNIDT,11817.57142857143
UNIECOM,317658.4285714286
UNIENTER,6651.714285714285
UNIHEALTH,28142.85714285714
UNIINFO,1270.142857142857
UNILEX,4800.0
UNIMECH,186593.85714285713
UNIONBANK,15151963.57142857
UNIONGOLD,26530.14285714286
UNIPARTS,239281.42857142858
UNITDSPR,1195403.4285714286
UNITECH,5140777.714285715
UNITEDPOLY,167136.85714285713
UNITEDTEA,539.1428571428571
UNIVAFOODS,541.0
UNIVASTU,207896.14285714287
UNIVCABLES,183244.57142857142
UNIVPHOTO,695.2857142857143
UNOMINDA,744586.8571428572
UPHOT,17.0
UPL,2782028.714285714
URAVIDEF,71106.14285714286
URBAN,41142.857142857145
URBANCO,6006231.857142857
URJA,1140273.4285714286
USASEEDS,1626.4
USHAFIN,22400.0
USHAMART,656010.0
USK,19501.85714285714
UTIAMC,111726.14285714286
UTKAL,38000.0
UTKARSHBNK,4666918.857142857
UTLSOLAR,456198.4285714286
UTSSAV,33085.71428571428
UTTAMSUGAR,178149.7142857143
UYFINCORP,326418.28571428574
V2RETAIL,1300826.0
VADILALIND,56406.71428571428
VADILENT,121.66666666666667
VAIBHAVGBL,213429.7142857143
VAISHALI,108774.71428571429
VAKRANGEE,1018443.7142857143
VAL30IETF,345337.0
VALIANTLAB,75193.71428571429
VALIANTORG,117278.71428571429
VALUE,36995.857142857145
VALUE360,17657.14285714286
VALUEAXIS,75066.2
VAML,13814343.666666666
VARDHACRLC,30232.285714285714
VARDMNPOLY,163087.2857142857
VARMORA,11245606.0
VARROC,358602.4285714286
VASA,8000.0
VASCONEQ,199504.85714285713
VASUPRADA,1027.5
VASWANI,19742.0
VBL,8115735.714285715
VCL,562756.4285714285
VDEAL,8880.0
VEDAVAAG,31640.0
VEDL,17060505.57142857
VEDPOWER,26426071.166666668
VEEDOL,7787.571428571428
VEEGALAND,204231.0
VEEKAYEM,4700.0
VELJAN,1832.7142857142858
VENKEYS,203891.7142857143
VENTIVE,18036.14285714286
VENUSPIPES,102530.0
VENUSREM,32981.28571428572
VERANDA,897883.2857142857
VERITAAS,1680.0
VERTEXPLUS,5800.0
VERTIS,725000.0
VERTOZ,34829.71428571428
VESUVIUS,1230600.0
VETO,78671.0
VGCL,18044.666666666668
VGINFOTECH,48714.28571428572
VGL,46810.857142857145
VGUARD,5100671.142857143
VHL,796.5714285714286
VHLTD,18600.571428571428
VIAZ,16400.0
VICTORYEV,31000.0
VIDHIING,93974.28571428571
VIDYAWIRES,3457066.5714285714
VIESL,39885.71428571428
VIGOR,58285.71428571428
VIJAYA,483751.14285714284
VIJAYPD,58285.71428571428
VIJIFIN,139552.2857142857
VIJSOLX,172.66666666666666
VIKASECO,1469185.857142857
VIKASLIFE,2053009.0
VIKRAMSOLR,1495794.5714285714
VIKRAN,3735483.4285714286
VILAS,32642.85714285714
VILINBIO,24571.428571428572
VIMTALABS,516390.0
VINATIORGA,66992.85714285714
VINCOFE,3684446.4285714286
VINDHYATEL,73176.71428571429
VINEETLAB,85784.71428571429
VINNY,245466.42857142858
VINOD,1200.0
VINSYS,19071.428571428572
VINYAS,11071.42857142857
VINYLINDIA,31188.0
VIPCLOTHNG,46541.28571428572
VIPIND,599856.5714285715
VIPULLTD,567453.0
VIRAT,13143.666666666666
VIRINCHI,60932.42857142857
VIRTUALG,1064396.3333333333
VISACHROME,263122.85714285716
VISAKAIND,239980.42857142858
VISAMAN,16000.0
VISDEM,15600.0
VISHAL,34684.666666666664
VISHNU,96245.14285714286
VISHNUINFR,28285.714285714286
VISHWARAJ,404906.14285714284
VISHWAS,6400.0
VISL,69442042.66666667
VITAL,3042.714285714286
VIVIANA,15122.0
VIVIDEL,34594.28571428572
VIVIDHA,276150.85714285716
VIVIMEDLAB,123500.71428571429
VIVO,1600.0
VIVOBIOT,11883.666666666666
VIYASH,3324981.714285714
VLEGOV,105427.42857142857
VLINFRA,9000.0
VLSFINANCE,14301.57142857143
VMARCIND,169178.57142857142
VMART,144365.85714285713
VMM,12545740.57142857
VMOBILE,66560.0
VMSTMT,42389.71428571428
VOEPL,106114.2
VOGL,48376339.333333336
VOITHPAPR,466.3333333333333
VOLERCAR,41485.71428571428
VOLTAMP,117667.42857142857
VOLTAS,1163950.7142857143
VPRPL,245611.7142857143
VR,2100.0
VRAJ,30635.714285714286
VRLLOG,212967.2857142857
VSSL,66854.42857142857
VSTIND,211435.2857142857
VSTL,14424.0
VSTTILLERS,7121.714285714285
VTL,724488.1428571428
VTMLTD,89955.0
WAAREEENER,1895890.0
WAAREEINDO,110484.71428571429
WAAREERTL,163631.7142857143
WABAG,599768.7142857143
WAKEFIT,790495.1428571428
WALCHANNAG,909831.0
WALPAR,5200.0
WANBURY,291613.71428571426
WARDINMOBI,315334.6666666667
WATERBASE,19859.666666666668
WCIL,64780.42857142857
WEALTH,6098.285714285715
WEBELSOLAR,1637224.857142857
WEIZMANIND,2692.714285714286
WEL,659929.1428571428
WELCORP,1057504.2857142857
WELENT,326193.4285714286
WELINV,310.6666666666667
WELSPLSOL,468764.5714285714
WELSPUNLIV,2332782.8571428573
WENDT,9680.142857142857
WESTLIFE,202028.57142857142
WEWIN,4229.285714285715
WEWORK,685848.4285714285
WHBRADY,15.0
WHEELS,179630.0
WHIRLPOOL,1043662.7142857143
WHITEFORCE,6720.0
WILLAMAGOR,2738.5714285714284
WIMPLAST,16797.0
WINDLAS,49885.28571428572
WINDMACHIN,58263.57142857143
WINNY,1000.0
WINSOL,6400.0
WINSOME,98396.5
WIPL,1582.857142857143
WIPRO,32810984.14285714
WOCKPHARMA,2588646.4285714286
WOL3D,7400.0
WOMANCART,15000.0
WONDERLA,65918.57142857143
WORTHPERI,19569.428571428572
WPIL,56362.42857142857
WSI,40798.857142857145
WSTCSTPAPR,295555.85714285716
WTICAB,19500.0
XCHANGING,81559.28571428571
XELPMOC,10789.57142857143
XPROINDIA,63121.28571428572
XTGLOBAL,184272.85714285713
XTRANET,2565600.4
YAAP,14857.142857142857
YASHO,60973.0
YASHOPTICS,13828.57142857143
YATHARTH,616920.7142857143
YATRA,1539991.2857142857
YCCL,12750.0
YESBANK,118258628.28571428
YOGI,1045.0
YUDIZ,2880.0
YUKEN,16966.285714285714
ZAGGLE,841885.0
ZEAL,900.0
ZEEL,43010869.85714286
ZEELEARN,772739.2857142857
ZEEMEDIA,3711212.714285714
ZENITHDRUG,10171.42857142857
ZENITHEXPO,79.0
ZENITHSTL,82847.28571428571
ZENSARTECH,1248409.7142857143
ZENTEC,427541.28571428574
ZFCVINDIA,140825.42857142858
ZFSTEERING,3141.8571428571427
ZIMLAB,42485.857142857145
ZODIAC,9325.142857142857
ZODIACLOTH,6020.714285714285
ZOTA,66843.28571428571
ZSARACOM,17.571428571428573
ZTECH,18857.14285714286
ZUARI,208711.0
ZUARIIND,48553.57142857143
ZYDUSLIFE,1744128.4285714286
ZYDUSWELL,649726.2857142857
